1.000000000000000000e+00, 0.000000000000000000e+00
-1.000000000000000000e+00, 0.000000000000000000e+00
0.000000000000000000e+00, 1.000000000000000000e+00
-0.000000000000000000e+00, -1.000000000000000000e+00
7.071067811865475727e-01, 7.071067811865475727e-01
7.071067811865475727e-01, -7.071067811865475727e-01
-7.071067811865475727e-01, -7.071067811865475727e-01
-7.071067811865475727e-01, 7.071067811865475727e-01
9.238795325112867385e-01, 3.826834323650897818e-01
9.238795325112868495e-01, -3.826834323650897818e-01
-9.238795325112867385e-01, -3.826834323650897818e-01
-9.238795325112868495e-01, 3.826834323650897818e-01
-3.826834323650897818e-01, 9.238795325112867385e-01
-3.826834323650897818e-01, -9.238795325112868495e-01
3.826834323650897818e-01, -9.238795325112867385e-01
3.826834323650897818e-01, 9.238795325112868495e-01
9.807852804032304306e-01, 1.950903220161282758e-01
9.807852804032305416e-01, -1.950903220161282481e-01
-9.807852804032304306e-01, -1.950903220161282758e-01
-9.807852804032305416e-01, 1.950903220161282481e-01
-1.950903220161282758e-01, 9.807852804032304306e-01
-1.950903220161282481e-01, -9.807852804032305416e-01
1.950903220161282758e-01, -9.807852804032304306e-01
1.950903220161282481e-01, 9.807852804032305416e-01
5.555702330196022887e-01, 8.314696123025453467e-01
5.555702330196022887e-01, -8.314696123025452357e-01
-5.555702330196022887e-01, -8.314696123025453467e-01
-5.555702330196022887e-01, 8.314696123025452357e-01
-8.314696123025453467e-01, 5.555702330196022887e-01
-8.314696123025452357e-01, -5.555702330196022887e-01
8.314696123025453467e-01, -5.555702330196022887e-01
8.314696123025452357e-01, 5.555702330196022887e-01
9.951847266721969287e-01, 9.801714032956060363e-02
9.951847266721970398e-01, -9.801714032956057587e-02
-9.951847266721969287e-01, -9.801714032956060363e-02
-9.951847266721970398e-01, 9.801714032956057587e-02
-9.801714032956060363e-02, 9.951847266721969287e-01
-9.801714032956057587e-02, -9.951847266721970398e-01
9.801714032956060363e-02, -9.951847266721969287e-01
9.801714032956057587e-02, 9.951847266721970398e-01
6.343932841636455988e-01, 7.730104533627369934e-01
6.343932841636455988e-01, -7.730104533627369934e-01
-6.343932841636455988e-01, -7.730104533627369934e-01
-6.343932841636455988e-01, 7.730104533627369934e-01
-7.730104533627369934e-01, 6.343932841636455988e-01
-7.730104533627369934e-01, -6.343932841636455988e-01
7.730104533627369934e-01, -6.343932841636455988e-01
7.730104533627369934e-01, 6.343932841636455988e-01
8.819212643483550496e-01, 4.713967368259976976e-01
8.819212643483551606e-01, -4.713967368259976976e-01
-8.819212643483550496e-01, -4.713967368259976976e-01
-8.819212643483551606e-01, 4.713967368259976976e-01
-4.713967368259976976e-01, 8.819212643483550496e-01
-4.713967368259976976e-01, -8.819212643483551606e-01
4.713967368259976976e-01, -8.819212643483550496e-01
4.713967368259976976e-01, 8.819212643483551606e-01
2.902846772544623866e-01, 9.569403357322090464e-01
2.902846772544623866e-01, -9.569403357322089354e-01
-2.902846772544623866e-01, -9.569403357322090464e-01
-2.902846772544623866e-01, 9.569403357322089354e-01
-9.569403357322090464e-01, 2.902846772544623866e-01
-9.569403357322089354e-01, -2.902846772544623866e-01
9.569403357322090464e-01, -2.902846772544623866e-01
9.569403357322089354e-01, 2.902846772544623866e-01
9.987954562051724050e-01, 4.906767432741801493e-02
9.987954562051725160e-01, -4.906767432741798024e-02
-9.987954562051724050e-01, -4.906767432741801493e-02
-9.987954562051725160e-01, 4.906767432741798024e-02
-4.906767432741801493e-02, 9.987954562051724050e-01
-4.906767432741798024e-02, -9.987954562051725160e-01
4.906767432741801493e-02, -9.987954562051724050e-01
4.906767432741798024e-02, 9.987954562051725160e-01
6.715589548470184411e-01, 7.409511253549591059e-01
6.715589548470185521e-01, -7.409511253549591059e-01
-6.715589548470184411e-01, -7.409511253549591059e-01
-6.715589548470185521e-01, 7.409511253549591059e-01
-7.409511253549591059e-01, 6.715589548470184411e-01
-7.409511253549591059e-01, -6.715589548470185521e-01
7.409511253549591059e-01, -6.715589548470184411e-01
7.409511253549591059e-01, 6.715589548470185521e-01
9.039892931234433382e-01, 4.275550934302820849e-01
9.039892931234434492e-01, -4.275550934302821404e-01
-9.039892931234433382e-01, -4.275550934302820849e-01
-9.039892931234434492e-01, 4.275550934302821404e-01
-4.275550934302820849e-01, 9.039892931234433382e-01
-4.275550934302821404e-01, -9.039892931234434492e-01
4.275550934302820849e-01, -9.039892931234433382e-01
4.275550934302821404e-01, 9.039892931234434492e-01
3.368898533922200511e-01, 9.415440651830209173e-01
3.368898533922200511e-01, -9.415440651830208063e-01
-3.368898533922200511e-01, -9.415440651830209173e-01
-3.368898533922200511e-01, 9.415440651830208063e-01
-9.415440651830209173e-01, 3.368898533922200511e-01
-9.415440651830208063e-01, -3.368898533922200511e-01
9.415440651830209173e-01, -3.368898533922200511e-01
9.415440651830208063e-01, 3.368898533922200511e-01
9.700312531945439742e-01, 2.429801799032638987e-01
9.700312531945441963e-01, -2.429801799032638987e-01
-9.700312531945439742e-01, -2.429801799032638987e-01
-9.700312531945441963e-01, 2.429801799032638987e-01
-2.429801799032638987e-01, 9.700312531945439742e-01
-2.429801799032638987e-01, -9.700312531945441963e-01
2.429801799032638987e-01, -9.700312531945439742e-01
2.429801799032638987e-01, 9.700312531945441963e-01
5.141027441932217723e-01, 8.577286100002722291e-01
5.141027441932217723e-01, -8.577286100002721181e-01
-5.141027441932217723e-01, -8.577286100002722291e-01
-5.141027441932217723e-01, 8.577286100002721181e-01
-8.577286100002722291e-01, 5.141027441932217723e-01
-8.577286100002721181e-01, -5.141027441932217723e-01
8.577286100002722291e-01, -5.141027441932217723e-01
8.577286100002721181e-01, 5.141027441932217723e-01
8.032075314806449429e-01, 5.956993044924333569e-01
8.032075314806449429e-01, -5.956993044924334679e-01
-8.032075314806449429e-01, -5.956993044924333569e-01
-8.032075314806449429e-01, 5.956993044924334679e-01
-5.956993044924333569e-01, 8.032075314806449429e-01
-5.956993044924334679e-01, -8.032075314806449429e-01
5.956993044924333569e-01, -8.032075314806449429e-01
5.956993044924334679e-01, 8.032075314806449429e-01
1.467304744553617202e-01, 9.891765099647811255e-01
1.467304744553617479e-01, -9.891765099647810144e-01
-1.467304744553617202e-01, -9.891765099647811255e-01
-1.467304744553617479e-01, 9.891765099647810144e-01
-9.891765099647811255e-01, 1.467304744553617202e-01
-9.891765099647810144e-01, -1.467304744553617479e-01
9.891765099647811255e-01, -1.467304744553617202e-01
9.891765099647810144e-01, 1.467304744553617479e-01
9.996988186962042500e-01, 2.454122852291228812e-02
9.996988186962043610e-01, -2.454122852291224996e-02
-9.996988186962042500e-01, -2.454122852291228812e-02
-9.996988186962043610e-01, 2.454122852291224996e-02
-2.454122852291228812e-02, 9.996988186962042500e-01
-2.454122852291224996e-02, -9.996988186962043610e-01
2.454122852291228812e-02, -9.996988186962042500e-01
2.454122852291224996e-02, 9.996988186962043610e-01
6.895405447370669405e-01, 7.242470829514670028e-01
6.895405447370670515e-01, -7.242470829514670028e-01
-6.895405447370669405e-01, -7.242470829514670028e-01
-6.895405447370670515e-01, 7.242470829514670028e-01
-7.242470829514670028e-01, 6.895405447370669405e-01
-7.242470829514670028e-01, -6.895405447370670515e-01
7.242470829514670028e-01, -6.895405447370669405e-01
7.242470829514670028e-01, 6.895405447370670515e-01
9.142097557035306910e-01, 4.052413140049899165e-01
9.142097557035308020e-01, -4.052413140049899165e-01
-9.142097557035306910e-01, -4.052413140049899165e-01
-9.142097557035308020e-01, 4.052413140049899165e-01
-4.052413140049899165e-01, 9.142097557035306910e-01
-4.052413140049899165e-01, -9.142097557035308020e-01
4.052413140049899165e-01, -9.142097557035306910e-01
4.052413140049899165e-01, 9.142097557035308020e-01
3.598950365349881664e-01, 9.329927988347389567e-01
3.598950365349881664e-01, -9.329927988347389567e-01
-3.598950365349881664e-01, -9.329927988347389567e-01
-3.598950365349881664e-01, 9.329927988347389567e-01
-9.329927988347389567e-01, 3.598950365349881664e-01
-9.329927988347389567e-01, -3.598950365349881664e-01
9.329927988347389567e-01, -3.598950365349881664e-01
9.329927988347389567e-01, 3.598950365349881664e-01
9.757021300385285700e-01, 2.191012401568698253e-01
9.757021300385287921e-01, -2.191012401568697976e-01
-9.757021300385285700e-01, -2.191012401568698253e-01
-9.757021300385287921e-01, 2.191012401568697976e-01
-2.191012401568698253e-01, 9.757021300385285700e-01
-2.191012401568697976e-01, -9.757021300385287921e-01
2.191012401568698253e-01, -9.757021300385285700e-01
2.191012401568697976e-01, 9.757021300385287921e-01
5.349976198870972643e-01, 8.448535652497072279e-01
5.349976198870972643e-01, -8.448535652497071169e-01
-5.349976198870972643e-01, -8.448535652497072279e-01
-5.349976198870972643e-01, 8.448535652497071169e-01
-8.448535652497072279e-01, 5.349976198870972643e-01
-8.448535652497071169e-01, -5.349976198870972643e-01
8.448535652497072279e-01, -5.349976198870972643e-01
8.448535652497071169e-01, 5.349976198870972643e-01
8.175848131515837114e-01, 5.758081914178453387e-01
8.175848131515837114e-01, -5.758081914178454497e-01
-8.175848131515837114e-01, -5.758081914178453387e-01
-8.175848131515837114e-01, 5.758081914178454497e-01
-5.758081914178453387e-01, 8.175848131515837114e-01
-5.758081914178454497e-01, -8.175848131515837114e-01
5.758081914178453387e-01, -8.175848131515837114e-01
5.758081914178454497e-01, 8.175848131515837114e-01
1.709618887603012172e-01, 9.852776423889413326e-01
1.709618887603012172e-01, -9.852776423889413326e-01
-1.709618887603012172e-01, -9.852776423889413326e-01
-1.709618887603012172e-01, 9.852776423889413326e-01
-9.852776423889413326e-01, 1.709618887603012172e-01
-9.852776423889413326e-01, -1.709618887603012172e-01
9.852776423889413326e-01, -1.709618887603012172e-01
9.852776423889413326e-01, 1.709618887603012172e-01
9.924795345987100781e-01, 1.224106751992162095e-01
9.924795345987101891e-01, -1.224106751992161679e-01
-9.924795345987100781e-01, -1.224106751992162095e-01
-9.924795345987101891e-01, 1.224106751992161679e-01
-1.224106751992162095e-01, 9.924795345987100781e-01
-1.224106751992161679e-01, -9.924795345987101891e-01
1.224106751992162095e-01, -9.924795345987100781e-01
1.224106751992161679e-01, 9.924795345987101891e-01
6.152315905806269303e-01, 7.883464276266063386e-01
6.152315905806269303e-01, -7.883464276266063386e-01
-6.152315905806269303e-01, -7.883464276266063386e-01
-6.152315905806269303e-01, 7.883464276266063386e-01
-7.883464276266063386e-01, 6.152315905806269303e-01
-7.883464276266063386e-01, -6.152315905806269303e-01
7.883464276266063386e-01, -6.152315905806269303e-01
7.883464276266063386e-01, 6.152315905806269303e-01
8.700869911087114605e-01, 4.928981922297840934e-01
8.700869911087115716e-01, -4.928981922297840934e-01
-8.700869911087114605e-01, -4.928981922297840934e-01
-8.700869911087115716e-01, 4.928981922297840934e-01
-4.928981922297840934e-01, 8.700869911087114605e-01
-4.928981922297840934e-01, -8.700869911087115716e-01
4.928981922297840934e-01, -8.700869911087114605e-01
4.928981922297840934e-01, 8.700869911087115716e-01
2.667127574748984209e-01, 9.637760657954400623e-01
2.667127574748984209e-01, -9.637760657954398402e-01
-2.667127574748984209e-01, -9.637760657954400623e-01
-2.667127574748984209e-01, 9.637760657954398402e-01
-9.637760657954400623e-01, 2.667127574748984209e-01
-9.637760657954398402e-01, -2.667127574748984209e-01
9.637760657954400623e-01, -2.667127574748984209e-01
9.637760657954398402e-01, 2.667127574748984209e-01
9.495281805930367858e-01, 3.136817403988915176e-01
9.495281805930367858e-01, -3.136817403988914621e-01
-9.495281805930367858e-01, -3.136817403988915176e-01
-9.495281805930367858e-01, 3.136817403988914621e-01
-3.136817403988915176e-01, 9.495281805930367858e-01
-3.136817403988914621e-01, -9.495281805930367858e-01
3.136817403988915176e-01, -9.495281805930367858e-01
3.136817403988914621e-01, 9.495281805930367858e-01
4.496113296546066507e-01, 8.932243011955154355e-01
4.496113296546065952e-01, -8.932243011955153245e-01
-4.496113296546066507e-01, -8.932243011955154355e-01
-4.496113296546065952e-01, 8.932243011955153245e-01
-8.932243011955154355e-01, 4.496113296546066507e-01
-8.932243011955153245e-01, -4.496113296546065952e-01
8.932243011955154355e-01, -4.496113296546066507e-01
8.932243011955153245e-01, 4.496113296546065952e-01
7.572088465064845675e-01, 6.531728429537768665e-01
7.572088465064845675e-01, -6.531728429537768665e-01
-7.572088465064845675e-01, -6.531728429537768665e-01
-7.572088465064845675e-01, 6.531728429537768665e-01
-6.531728429537768665e-01, 7.572088465064845675e-01
-6.531728429537768665e-01, -7.572088465064845675e-01
6.531728429537768665e-01, -7.572088465064845675e-01
6.531728429537768665e-01, 7.572088465064845675e-01
7.356456359966739855e-02, 9.972904566786904290e-01
7.356456359966742631e-02, -9.972904566786902070e-01
-7.356456359966739855e-02, -9.972904566786904290e-01
-7.356456359966742631e-02, 9.972904566786902070e-01
-9.972904566786904290e-01, 7.356456359966739855e-02
-9.972904566786902070e-01, -7.356456359966742631e-02
9.972904566786904290e-01, -7.356456359966739855e-02
9.972904566786902070e-01, 7.356456359966742631e-02
9.999247018391445030e-01, 1.227153828571992712e-02
9.999247018391446140e-01, -1.227153828571988375e-02
-9.999247018391445030e-01, -1.227153828571992712e-02
-9.999247018391446140e-01, 1.227153828571988375e-02
-1.227153828571992712e-02, 9.999247018391445030e-01
-1.227153828571988375e-02, -9.999247018391446140e-01
1.227153828571992712e-02, -9.999247018391445030e-01
1.227153828571988375e-02, 9.999247018391446140e-01
6.983762494089729156e-01, 7.157308252838187057e-01
6.983762494089729156e-01, -7.157308252838187057e-01
-6.983762494089729156e-01, -7.157308252838187057e-01
-6.983762494089729156e-01, 7.157308252838187057e-01
-7.157308252838187057e-01, 6.983762494089729156e-01
-7.157308252838187057e-01, -6.983762494089729156e-01
7.157308252838187057e-01, -6.983762494089729156e-01
7.157308252838187057e-01, 6.983762494089729156e-01
9.191138516900576594e-01, 3.939920400610480988e-01
9.191138516900578814e-01, -3.939920400610481543e-01
-9.191138516900576594e-01, -3.939920400610480988e-01
-9.191138516900578814e-01, 3.939920400610481543e-01
-3.939920400610480988e-01, 9.191138516900576594e-01
-3.939920400610481543e-01, -9.191138516900578814e-01
3.939920400610480988e-01, -9.191138516900576594e-01
3.939920400610481543e-01, 9.191138516900578814e-01
3.713171939518375431e-01, 9.285060804732155892e-01
3.713171939518375431e-01, -9.285060804732155892e-01
-3.713171939518375431e-01, -9.285060804732155892e-01
-3.713171939518375431e-01, 9.285060804732155892e-01
-9.285060804732155892e-01, 3.713171939518375431e-01
-9.285060804732155892e-01, -3.713171939518375431e-01
9.285060804732155892e-01, -3.713171939518375431e-01
9.285060804732155892e-01, 3.713171939518375431e-01
9.783173707196275437e-01, 2.071113761922185603e-01
9.783173707196278768e-01, -2.071113761922185326e-01
-9.783173707196275437e-01, -2.071113761922185603e-01
-9.783173707196278768e-01, 2.071113761922185326e-01
-2.071113761922185603e-01, 9.783173707196275437e-01
-2.071113761922185326e-01, -9.783173707196278768e-01
2.071113761922185603e-01, -9.783173707196275437e-01
2.071113761922185326e-01, 9.783173707196278768e-01
5.453249884220464638e-01, 8.382247055548380787e-01
5.453249884220464638e-01, -8.382247055548380787e-01
-5.453249884220464638e-01, -8.382247055548380787e-01
-5.453249884220464638e-01, 8.382247055548380787e-01
-8.382247055548380787e-01, 5.453249884220464638e-01
-8.382247055548380787e-01, -5.453249884220464638e-01
8.382247055548380787e-01, -5.453249884220464638e-01
8.382247055548380787e-01, 5.453249884220464638e-01
8.245893027850251800e-01, 5.657318107836132315e-01
8.245893027850252910e-01, -5.657318107836133425e-01
-8.245893027850251800e-01, -5.657318107836132315e-01
-8.245893027850252910e-01, 5.657318107836133425e-01
-5.657318107836132315e-01, 8.245893027850251800e-01
-5.657318107836133425e-01, -8.245893027850252910e-01
5.657318107836132315e-01, -8.245893027850251800e-01
5.657318107836133425e-01, 8.245893027850252910e-01
1.830398879551409230e-01, 9.831054874312163960e-01
1.830398879551409508e-01, -9.831054874312163960e-01
-1.830398879551409230e-01, -9.831054874312163960e-01
-1.830398879551409508e-01, 9.831054874312163960e-01
-9.831054874312163960e-01, 1.830398879551409230e-01
-9.831054874312163960e-01, -1.830398879551409508e-01
9.831054874312163960e-01, -1.830398879551409230e-01
9.831054874312163960e-01, 1.830398879551409508e-01
9.939069700023560605e-01, 1.102222072938830594e-01
9.939069700023561715e-01, -1.102222072938830177e-01
-9.939069700023560605e-01, -1.102222072938830594e-01
-9.939069700023561715e-01, 1.102222072938830177e-01
-1.102222072938830594e-01, 9.939069700023560605e-01
-1.102222072938830177e-01, -9.939069700023561715e-01
1.102222072938830594e-01, -9.939069700023560605e-01
1.102222072938830177e-01, 9.939069700023561715e-01
6.248594881423864544e-01, 7.807372285720944882e-01
6.248594881423864544e-01, -7.807372285720944882e-01
-6.248594881423864544e-01, -7.807372285720944882e-01
-6.248594881423864544e-01, 7.807372285720944882e-01
-7.807372285720944882e-01, 6.248594881423864544e-01
-7.807372285720944882e-01, -6.248594881423864544e-01
7.807372285720944882e-01, -6.248594881423864544e-01
7.807372285720944882e-01, 6.248594881423864544e-01
8.760700941954066012e-01, 4.821837720791227744e-01
8.760700941954067122e-01, -4.821837720791227744e-01
-8.760700941954066012e-01, -4.821837720791227744e-01
-8.760700941954067122e-01, 4.821837720791227744e-01
-4.821837720791227744e-01, 8.760700941954066012e-01
-4.821837720791227744e-01, -8.760700941954067122e-01
4.821837720791227744e-01, -8.760700941954066012e-01
4.821837720791227744e-01, 8.760700941954067122e-01
2.785196893850531152e-01, 9.604305194155660086e-01
2.785196893850531152e-01, -9.604305194155657865e-01
-2.785196893850531152e-01, -9.604305194155660086e-01
-2.785196893850531152e-01, 9.604305194155657865e-01
-9.604305194155660086e-01, 2.785196893850531152e-01
-9.604305194155657865e-01, -2.785196893850531152e-01
9.604305194155660086e-01, -2.785196893850531152e-01
9.604305194155657865e-01, 2.785196893850531152e-01
9.533060403541938621e-01, 3.020059493192280842e-01
9.533060403541939731e-01, -3.020059493192280287e-01
-9.533060403541938621e-01, -3.020059493192280842e-01
-9.533060403541939731e-01, 3.020059493192280287e-01
-3.020059493192280842e-01, 9.533060403541938621e-01
-3.020059493192280287e-01, -9.533060403541939731e-01
3.020059493192280842e-01, -9.533060403541938621e-01
3.020059493192280287e-01, 9.533060403541939731e-01
4.605387109582400607e-01, 8.876396204028540460e-01
4.605387109582400051e-01, -8.876396204028539350e-01
-4.605387109582400607e-01, -8.876396204028540460e-01
-4.605387109582400051e-01, 8.876396204028539350e-01
-8.876396204028540460e-01, 4.605387109582400607e-01
-8.876396204028539350e-01, -4.605387109582400051e-01
8.876396204028540460e-01, -4.605387109582400607e-01
8.876396204028539350e-01, 4.605387109582400051e-01
7.651672656224589586e-01, 6.438315428897914972e-01
7.651672656224589586e-01, -6.438315428897914972e-01
-7.651672656224589586e-01, -6.438315428897914972e-01
-7.651672656224589586e-01, 6.438315428897914972e-01
-6.438315428897914972e-01, 7.651672656224589586e-01
-6.438315428897914972e-01, -7.651672656224589586e-01
6.438315428897914972e-01, -7.651672656224589586e-01
6.438315428897914972e-01, 7.651672656224589586e-01
8.579731234443985222e-02, 9.963126121827781123e-01
8.579731234443989385e-02, -9.963126121827780013e-01
-8.579731234443985222e-02, -9.963126121827781123e-01
-8.579731234443989385e-02, 9.963126121827780013e-01
-9.963126121827781123e-01, 8.579731234443985222e-02
-9.963126121827780013e-01, -8.579731234443989385e-02
9.963126121827781123e-01, -8.579731234443985222e-02
9.963126121827780013e-01, 8.579731234443989385e-02
9.981181129001491792e-01, 6.132073630220857829e-02
9.981181129001494012e-01, -6.132073630220854360e-02
-9.981181129001491792e-01, -6.132073630220857829e-02
-9.981181129001494012e-01, 6.132073630220854360e-02
-6.132073630220857829e-02, 9.981181129001491792e-01
-6.132073630220854360e-02, -9.981181129001494012e-01
6.132073630220857829e-02, -9.981181129001491792e-01
6.132073630220854360e-02, 9.981181129001494012e-01
6.624157775901717837e-01, 7.491363945234592592e-01
6.624157775901718948e-01, -7.491363945234592592e-01
-6.624157775901717837e-01, -7.491363945234592592e-01
-6.624157775901718948e-01, 7.491363945234592592e-01
-7.491363945234592592e-01, 6.624157775901717837e-01
-7.491363945234592592e-01, -6.624157775901718948e-01
7.491363945234592592e-01, -6.624157775901717837e-01
7.491363945234592592e-01, 6.624157775901718948e-01
8.986744656939538167e-01, 4.386162385385276030e-01
8.986744656939539277e-01, -4.386162385385276585e-01
-8.986744656939538167e-01, -4.386162385385276030e-01
-8.986744656939539277e-01, 4.386162385385276585e-01
-4.386162385385276030e-01, 8.986744656939538167e-01
-4.386162385385276585e-01, -8.986744656939539277e-01
4.386162385385276030e-01, -8.986744656939538167e-01
4.386162385385276585e-01, 8.986744656939539277e-01
3.253102921622629262e-01, 9.456073253805213907e-01
3.253102921622629817e-01, -9.456073253805213907e-01
-3.253102921622629262e-01, -9.456073253805213907e-01
-3.253102921622629817e-01, 9.456073253805213907e-01
-9.456073253805213907e-01, 3.253102921622629262e-01
-9.456073253805213907e-01, -3.253102921622629817e-01
9.456073253805213907e-01, -3.253102921622629262e-01
9.456073253805213907e-01, 3.253102921622629817e-01
9.669764710448520706e-01, 2.548656596045145717e-01
9.669764710448522926e-01, -2.548656596045145717e-01
-9.669764710448520706e-01, -2.548656596045145717e-01
-9.669764710448522926e-01, 2.548656596045145717e-01
-2.548656596045145717e-01, 9.669764710448520706e-01
-2.548656596045145717e-01, -9.669764710448522926e-01
2.548656596045145717e-01, -9.669764710448520706e-01
2.548656596045145717e-01, 9.669764710448522926e-01
5.035383837257175754e-01, 8.639728561215869185e-01
5.035383837257175754e-01, -8.639728561215866964e-01
-5.035383837257175754e-01, -8.639728561215869185e-01
-5.035383837257175754e-01, 8.639728561215866964e-01
-8.639728561215869185e-01, 5.035383837257175754e-01
-8.639728561215866964e-01, -5.035383837257175754e-01
8.639728561215869185e-01, -5.035383837257175754e-01
8.639728561215866964e-01, 5.035383837257175754e-01
7.958369046088835663e-01, 6.055110414043255451e-01
7.958369046088835663e-01, -6.055110414043255451e-01
-7.958369046088835663e-01, -6.055110414043255451e-01
-7.958369046088835663e-01, 6.055110414043255451e-01
-6.055110414043255451e-01, 7.958369046088835663e-01
-6.055110414043255451e-01, -7.958369046088835663e-01
6.055110414043255451e-01, -7.958369046088835663e-01
6.055110414043255451e-01, 7.958369046088835663e-01
1.345807085071261400e-01, 9.909026354277801207e-01
1.345807085071261955e-01, -9.909026354277801207e-01
-1.345807085071261400e-01, -9.909026354277801207e-01
-1.345807085071261955e-01, 9.909026354277801207e-01
-9.909026354277801207e-01, 1.345807085071261400e-01
-9.909026354277801207e-01, -1.345807085071261955e-01
9.909026354277801207e-01, -1.345807085071261400e-01
9.909026354277801207e-01, 1.345807085071261955e-01
9.873014181578584347e-01, 1.588581433338614457e-01
9.873014181578584347e-01, -1.588581433338614179e-01
-9.873014181578584347e-01, -1.588581433338614457e-01
-9.873014181578584347e-01, 1.588581433338614179e-01
-1.588581433338614457e-01, 9.873014181578584347e-01
-1.588581433338614179e-01, -9.873014181578584347e-01
1.588581433338614457e-01, -9.873014181578584347e-01
1.588581433338614179e-01, 9.873014181578584347e-01
5.857978574564389751e-01, 8.104571982525947682e-01
5.857978574564388641e-01, -8.104571982525947682e-01
-5.857978574564389751e-01, -8.104571982525947682e-01
-5.857978574564388641e-01, 8.104571982525947682e-01
-8.104571982525947682e-01, 5.857978574564389751e-01
-8.104571982525947682e-01, -5.857978574564388641e-01
8.104571982525947682e-01, -5.857978574564389751e-01
8.104571982525947682e-01, 5.857978574564388641e-01
8.513551931052651955e-01, 5.245896826784689493e-01
8.513551931052653066e-01, -5.245896826784689493e-01
-8.513551931052651955e-01, -5.245896826784689493e-01
-8.513551931052653066e-01, 5.245896826784689493e-01
-5.245896826784689493e-01, 8.513551931052651955e-01
-5.245896826784689493e-01, -8.513551931052653066e-01
5.245896826784689493e-01, -8.513551931052651955e-01
5.245896826784689493e-01, 8.513551931052653066e-01
2.310581082806711095e-01, 9.729399522055602878e-01
2.310581082806711373e-01, -9.729399522055601768e-01
-2.310581082806711095e-01, -9.729399522055602878e-01
-2.310581082806711373e-01, 9.729399522055601768e-01
-9.729399522055602878e-01, 2.310581082806711095e-01
-9.729399522055601768e-01, -2.310581082806711373e-01
9.729399522055602878e-01, -2.310581082806711095e-01
9.729399522055601768e-01, 2.310581082806711373e-01
9.373390119125749598e-01, 3.484186802494345647e-01
9.373390119125749598e-01, -3.484186802494345647e-01
-9.373390119125749598e-01, -3.484186802494345647e-01
-9.373390119125749598e-01, 3.484186802494345647e-01
-3.484186802494345647e-01, 9.373390119125749598e-01
-3.484186802494345647e-01, -9.373390119125749598e-01
3.484186802494345647e-01, -9.373390119125749598e-01
3.484186802494345647e-01, 9.373390119125749598e-01
4.164295600976372080e-01, 9.091679830905224913e-01
4.164295600976372080e-01, -9.091679830905223803e-01
-4.164295600976372080e-01, -9.091679830905224913e-01
-4.164295600976372080e-01, 9.091679830905223803e-01
-9.091679830905224913e-01, 4.164295600976372080e-01
-9.091679830905223803e-01, -4.164295600976372080e-01
9.091679830905224913e-01, -4.164295600976372080e-01
9.091679830905223803e-01, 4.164295600976372080e-01
7.326542716724128157e-01, 6.806009977954531331e-01
7.326542716724129267e-01, -6.806009977954530221e-01
-7.326542716724128157e-01, -6.806009977954531331e-01
-7.326542716724129267e-01, 6.806009977954530221e-01
-6.806009977954531331e-01, 7.326542716724128157e-01
-6.806009977954530221e-01, -7.326542716724129267e-01
6.806009977954531331e-01, -7.326542716724128157e-01
6.806009977954530221e-01, 7.326542716724129267e-01
3.680722294135879702e-02, 9.993223845883495438e-01
3.680722294135883171e-02, -9.993223845883495438e-01
-3.680722294135879702e-02, -9.993223845883495438e-01
-3.680722294135883171e-02, 9.993223845883495438e-01
-9.993223845883495438e-01, 3.680722294135879702e-02
-9.993223845883495438e-01, -3.680722294135883171e-02
9.993223845883495438e-01, -3.680722294135879702e-02
9.993223845883495438e-01, 3.680722294135883171e-02
9.999811752826011091e-01, 6.135884649154476136e-03
9.999811752826012201e-01, -6.135884649154431901e-03
-9.999811752826011091e-01, -6.135884649154476136e-03
-9.999811752826012201e-01, 6.135884649154431901e-03
-6.135884649154476136e-03, 9.999811752826011091e-01
-6.135884649154431901e-03, -9.999811752826012201e-01
6.135884649154476136e-03, -9.999811752826011091e-01
6.135884649154431901e-03, 9.999811752826012201e-01
7.027547444572252999e-01, 7.114321957452164336e-01
7.027547444572252999e-01, -7.114321957452164336e-01
-7.027547444572252999e-01, -7.114321957452164336e-01
-7.027547444572252999e-01, 7.114321957452164336e-01
-7.114321957452164336e-01, 7.027547444572252999e-01
-7.114321957452164336e-01, -7.027547444572252999e-01
7.114321957452164336e-01, -7.027547444572252999e-01
7.114321957452164336e-01, 7.027547444572252999e-01
9.215140393420419018e-01, 3.883450466988263017e-01
9.215140393420420128e-01, -3.883450466988263017e-01
-9.215140393420419018e-01, -3.883450466988263017e-01
-9.215140393420420128e-01, 3.883450466988263017e-01
-3.883450466988263017e-01, 9.215140393420419018e-01
-3.883450466988263017e-01, -9.215140393420420128e-01
3.883450466988263017e-01, -9.215140393420419018e-01
3.883450466988263017e-01, 9.215140393420420128e-01
3.770074102164182595e-01, 9.262102421383113793e-01
3.770074102164182595e-01, -9.262102421383113793e-01
-3.770074102164182595e-01, -9.262102421383113793e-01
-3.770074102164182595e-01, 9.262102421383113793e-01
-9.262102421383113793e-01, 3.770074102164182595e-01
-9.262102421383113793e-01, -3.770074102164182595e-01
9.262102421383113793e-01, -3.770074102164182595e-01
9.262102421383113793e-01, 3.770074102164182595e-01
9.795697656854405189e-01, 2.011046348420919005e-01
9.795697656854407409e-01, -2.011046348420918728e-01
-9.795697656854405189e-01, -2.011046348420919005e-01
-9.795697656854407409e-01, 2.011046348420918728e-01
-2.011046348420919005e-01, 9.795697656854405189e-01
-2.011046348420918728e-01, -9.795697656854407409e-01
2.011046348420919005e-01, -9.795697656854405189e-01
2.011046348420918728e-01, 9.795697656854407409e-01
5.504579729366048113e-01, 8.348628749863801213e-01
5.504579729366048113e-01, -8.348628749863800103e-01
-5.504579729366048113e-01, -8.348628749863801213e-01
-5.504579729366048113e-01, 8.348628749863800103e-01
-8.348628749863801213e-01, 5.504579729366048113e-01
-8.348628749863800103e-01, -5.504579729366048113e-01
8.348628749863801213e-01, -5.504579729366048113e-01
8.348628749863800103e-01, 5.504579729366048113e-01
8.280450452577556852e-01, 5.606615761973360312e-01
8.280450452577557963e-01, -5.606615761973361423e-01
-8.280450452577556852e-01, -5.606615761973360312e-01
-8.280450452577557963e-01, 5.606615761973361423e-01
-5.606615761973360312e-01, 8.280450452577556852e-01
-5.606615761973361423e-01, -8.280450452577557963e-01
5.606615761973360312e-01, -8.280450452577556852e-01
5.606615761973361423e-01, 8.280450452577557963e-01
1.890686641498061926e-01, 9.819638691095553540e-01
1.890686641498061926e-01, -9.819638691095553540e-01
-1.890686641498061926e-01, -9.819638691095553540e-01
-1.890686641498061926e-01, 9.819638691095553540e-01
-9.819638691095553540e-01, 1.890686641498061926e-01
-9.819638691095553540e-01, -1.890686641498061926e-01
9.819638691095553540e-01, -1.890686641498061926e-01
9.819638691095553540e-01, 1.890686641498061926e-01
9.945645707342554154e-01, 1.041216338720545725e-01
9.945645707342555264e-01, -1.041216338720545309e-01
-9.945645707342554154e-01, -1.041216338720545725e-01
-9.945645707342555264e-01, 1.041216338720545309e-01
-1.041216338720545725e-01, 9.945645707342554154e-01
-1.041216338720545309e-01, -9.945645707342555264e-01
1.041216338720545725e-01, -9.945645707342554154e-01
1.041216338720545309e-01, 9.945645707342555264e-01
6.296382389149270953e-01, 7.768884656732324423e-01
6.296382389149270953e-01, -7.768884656732324423e-01
-6.296382389149270953e-01, -7.768884656732324423e-01
-6.296382389149270953e-01, 7.768884656732324423e-01
-7.768884656732324423e-01, 6.296382389149270953e-01
-7.768884656732324423e-01, -6.296382389149270953e-01
7.768884656732324423e-01, -6.296382389149270953e-01
7.768884656732324423e-01, 6.296382389149270953e-01
8.790122264286334142e-01, 4.767992300633221436e-01
8.790122264286335252e-01, -4.767992300633221436e-01
-8.790122264286334142e-01, -4.767992300633221436e-01
-8.790122264286335252e-01, 4.767992300633221436e-01
-4.767992300633221436e-01, 8.790122264286334142e-01
-4.767992300633221436e-01, -8.790122264286335252e-01
4.767992300633221436e-01, -8.790122264286334142e-01
4.767992300633221436e-01, 8.790122264286335252e-01
2.844075372112718769e-01, 9.587034748958717101e-01
2.844075372112718214e-01, -9.587034748958714880e-01
-2.844075372112718769e-01, -9.587034748958717101e-01
-2.844075372112718214e-01, 9.587034748958714880e-01
-9.587034748958717101e-01, 2.844075372112718769e-01
-9.587034748958714880e-01, -2.844075372112718214e-01
9.587034748958717101e-01, -2.844075372112718769e-01
9.587034748958714880e-01, 2.844075372112718214e-01
9.551411683057707824e-01, 2.961508882436238443e-01
9.551411683057707824e-01, -2.961508882436237888e-01
-9.551411683057707824e-01, -2.961508882436238443e-01
-9.551411683057707824e-01, 2.961508882436237888e-01
-2.961508882436238443e-01, 9.551411683057707824e-01
-2.961508882436237888e-01, -9.551411683057707824e-01
2.961508882436238443e-01, -9.551411683057707824e-01
2.961508882436237888e-01, 9.551411683057707824e-01
4.659764957679662367e-01, 8.847970984309379006e-01
4.659764957679661257e-01, -8.847970984309377895e-01
-4.659764957679662367e-01, -8.847970984309379006e-01
-4.659764957679661257e-01, 8.847970984309377895e-01
-8.847970984309379006e-01, 4.659764957679662367e-01
-8.847970984309377895e-01, -4.659764957679661257e-01
8.847970984309379006e-01, -4.659764957679662367e-01
8.847970984309377895e-01, 4.659764957679661257e-01
7.691033376455796988e-01, 6.391244448637758424e-01
7.691033376455796988e-01, -6.391244448637757314e-01
-7.691033376455796988e-01, -6.391244448637758424e-01
-7.691033376455796988e-01, 6.391244448637757314e-01
-6.391244448637758424e-01, 7.691033376455796988e-01
-6.391244448637757314e-01, -7.691033376455796988e-01
6.391244448637758424e-01, -7.691033376455796988e-01
6.391244448637757314e-01, 7.691033376455796988e-01
9.190895649713269611e-02, 9.957674144676599282e-01
9.190895649713272386e-02, -9.957674144676597061e-01
-9.190895649713269611e-02, -9.957674144676599282e-01
-9.190895649713272386e-02, 9.957674144676597061e-01
-9.957674144676599282e-01, 9.190895649713269611e-02
-9.957674144676597061e-01, -9.190895649713272386e-02
9.957674144676599282e-01, -9.190895649713269611e-02
9.957674144676597061e-01, 9.190895649713272386e-02
9.984755805732947742e-01, 5.519524434968994114e-02
9.984755805732948852e-01, -5.519524434968989951e-02
-9.984755805732947742e-01, -5.519524434968994114e-02
-9.984755805732948852e-01, 5.519524434968989951e-02
-5.519524434968994114e-02, 9.984755805732947742e-01
-5.519524434968989951e-02, -9.984755805732948852e-01
5.519524434968994114e-02, -9.984755805732947742e-01
5.519524434968989951e-02, 9.984755805732948852e-01
6.669999223036374714e-01, 7.450577854414659473e-01
6.669999223036375824e-01, -7.450577854414658363e-01
-6.669999223036374714e-01, -7.450577854414659473e-01
-6.669999223036375824e-01, 7.450577854414658363e-01
-7.450577854414659473e-01, 6.669999223036374714e-01
-7.450577854414658363e-01, -6.669999223036375824e-01
7.450577854414659473e-01, -6.669999223036374714e-01
7.450577854414658363e-01, 6.669999223036375824e-01
9.013488470460220281e-01, 4.330938188531519573e-01
9.013488470460220281e-01, -4.330938188531519573e-01
-9.013488470460220281e-01, -4.330938188531519573e-01
-9.013488470460220281e-01, 4.330938188531519573e-01
-4.330938188531519573e-01, 9.013488470460220281e-01
-4.330938188531519573e-01, -9.013488470460220281e-01
4.330938188531519573e-01, -9.013488470460220281e-01
4.330938188531519573e-01, 9.013488470460220281e-01
3.311063057598763737e-01, 9.435934581619604966e-01
3.311063057598764292e-01, -9.435934581619603856e-01
-3.311063057598763737e-01, -9.435934581619604966e-01
-3.311063057598764292e-01, 9.435934581619603856e-01
-9.435934581619604966e-01, 3.311063057598763737e-01
-9.435934581619603856e-01, -3.311063057598764292e-01
9.435934581619604966e-01, -3.311063057598763737e-01
9.435934581619603856e-01, 3.311063057598764292e-01
9.685220942744172667e-01, 2.489276057457201763e-01
9.685220942744174888e-01, -2.489276057457201485e-01
-9.685220942744172667e-01, -2.489276057457201763e-01
-9.685220942744174888e-01, 2.489276057457201485e-01
-2.489276057457201763e-01, 9.685220942744172667e-01
-2.489276057457201485e-01, -9.685220942744174888e-01
2.489276057457201763e-01, -9.685220942744172667e-01
2.489276057457201485e-01, 9.685220942744174888e-01
5.088301425431071001e-01, 8.608669386377674204e-01
5.088301425431069891e-01, -8.608669386377671984e-01
-5.088301425431071001e-01, -8.608669386377674204e-01
-5.088301425431069891e-01, 8.608669386377671984e-01
-8.608669386377674204e-01, 5.088301425431071001e-01
-8.608669386377671984e-01, -5.088301425431069891e-01
8.608669386377674204e-01, -5.088301425431071001e-01
8.608669386377671984e-01, 5.088301425431069891e-01
7.995372691079050131e-01, 6.006164793838689731e-01
7.995372691079050131e-01, -6.006164793838689731e-01
-7.995372691079050131e-01, -6.006164793838689731e-01
-7.995372691079050131e-01, 6.006164793838689731e-01
-6.006164793838689731e-01, 7.995372691079050131e-01
-6.006164793838689731e-01, -7.995372691079050131e-01
6.006164793838689731e-01, -7.995372691079050131e-01
6.006164793838689731e-01, 7.995372691079050131e-01
1.406582393328491831e-01, 9.900582102622972336e-01
1.406582393328492386e-01, -9.900582102622971226e-01
-1.406582393328491831e-01, -9.900582102622972336e-01
-1.406582393328492386e-01, 9.900582102622971226e-01
-9.900582102622972336e-01, 1.406582393328491831e-01
-9.900582102622971226e-01, -1.406582393328492386e-01
9.900582102622972336e-01, -1.406582393328491831e-01
9.900582102622971226e-01, 1.406582393328492386e-01
9.882575677307494644e-01, 1.527971852584434076e-01
9.882575677307494644e-01, -1.527971852584434076e-01
-9.882575677307494644e-01, -1.527971852584434076e-01
-9.882575677307494644e-01, 1.527971852584434076e-01
-1.527971852584434076e-01, 9.882575677307494644e-01
-1.527971852584434076e-01, -9.882575677307494644e-01
1.527971852584434076e-01, -9.882575677307494644e-01
1.527971852584434076e-01, 9.882575677307494644e-01
5.907597018588743865e-01, 8.068475535437993340e-01
5.907597018588741644e-01, -8.068475535437992230e-01
-5.907597018588743865e-01, -8.068475535437993340e-01
-5.907597018588741644e-01, 8.068475535437992230e-01
-8.068475535437993340e-01, 5.907597018588743865e-01
-8.068475535437992230e-01, -5.907597018588741644e-01
8.068475535437993340e-01, -5.907597018588743865e-01
8.068475535437992230e-01, 5.907597018588741644e-01
8.545579883654005338e-01, 5.193559901655896427e-01
8.545579883654006448e-01, -5.193559901655896427e-01
-8.545579883654005338e-01, -5.193559901655896427e-01
-8.545579883654006448e-01, 5.193559901655896427e-01
-5.193559901655896427e-01, 8.545579883654005338e-01
-5.193559901655896427e-01, -8.545579883654006448e-01
5.193559901655896427e-01, -8.545579883654005338e-01
5.193559901655896427e-01, 8.545579883654006448e-01
2.370236059943671980e-01, 9.715038909862518945e-01
2.370236059943672258e-01, -9.715038909862517835e-01
-2.370236059943671980e-01, -9.715038909862518945e-01
-2.370236059943672258e-01, 9.715038909862517835e-01
-9.715038909862518945e-01, 2.370236059943671980e-01
-9.715038909862517835e-01, -2.370236059943672258e-01
9.715038909862518945e-01, -2.370236059943671980e-01
9.715038909862517835e-01, 2.370236059943672258e-01
9.394592236021899190e-01, 3.426607173119943783e-01
9.394592236021899190e-01, -3.426607173119943783e-01
-9.394592236021899190e-01, -3.426607173119943783e-01
-9.394592236021899190e-01, 3.426607173119943783e-01
-3.426607173119943783e-01, 9.394592236021899190e-01
-3.426607173119943783e-01, -9.394592236021899190e-01
3.426607173119943783e-01, -9.394592236021899190e-01
3.426607173119943783e-01, 9.394592236021899190e-01
4.220002707997997371e-01, 9.065957045149154458e-01
4.220002707997996816e-01, -9.065957045149153348e-01
-4.220002707997997371e-01, -9.065957045149154458e-01
-4.220002707997996816e-01, 9.065957045149153348e-01
-9.065957045149154458e-01, 4.220002707997997371e-01
-9.065957045149153348e-01, -4.220002707997996816e-01
9.065957045149154458e-01, -4.220002707997997371e-01
9.065957045149153348e-01, 4.220002707997996816e-01
7.368165688773699040e-01, 6.760927035753161451e-01
7.368165688773699040e-01, -6.760927035753159231e-01
-7.368165688773699040e-01, -6.760927035753161451e-01
-7.368165688773699040e-01, 6.760927035753159231e-01
-6.760927035753161451e-01, 7.368165688773699040e-01
-6.760927035753159231e-01, -7.368165688773699040e-01
6.760927035753161451e-01, -7.368165688773699040e-01
6.760927035753159231e-01, 7.368165688773699040e-01
4.293825693494078555e-02, 9.990777277526454725e-01
4.293825693494082024e-02, -9.990777277526453615e-01
-4.293825693494078555e-02, -9.990777277526454725e-01
-4.293825693494082024e-02, 9.990777277526453615e-01
-9.990777277526454725e-01, 4.293825693494078555e-02
-9.990777277526453615e-01, -4.293825693494082024e-02
9.990777277526454725e-01, -4.293825693494078555e-02
9.990777277526453615e-01, 4.293825693494082024e-02
9.995294175010931426e-01, 3.067480317663662595e-02
9.995294175010931426e-01, -3.067480317663658779e-02
-9.995294175010931426e-01, -3.067480317663662595e-02
-9.995294175010931426e-01, 3.067480317663658779e-02
-3.067480317663662595e-02, 9.995294175010931426e-01
-3.067480317663658779e-02, -9.995294175010931426e-01
3.067480317663662595e-02, -9.995294175010931426e-01
3.067480317663658779e-02, 9.995294175010931426e-01
6.850836677727003554e-01, 7.284643904482253074e-01
6.850836677727004664e-01, -7.284643904482251964e-01
-6.850836677727003554e-01, -7.284643904482253074e-01
-6.850836677727004664e-01, 7.284643904482251964e-01
-7.284643904482253074e-01, 6.850836677727003554e-01
-7.284643904482251964e-01, -6.850836677727004664e-01
7.284643904482253074e-01, -6.850836677727003554e-01
7.284643904482251964e-01, 6.850836677727004664e-01
9.117060320054298783e-01, 4.108431710579039664e-01
9.117060320054299893e-01, -4.108431710579039664e-01
-9.117060320054298783e-01, -4.108431710579039664e-01
-9.117060320054299893e-01, 4.108431710579039664e-01
-4.108431710579039664e-01, 9.117060320054298783e-01
-4.108431710579039664e-01, -9.117060320054299893e-01
4.108431710579039664e-01, -9.117060320054298783e-01
4.108431710579039664e-01, 9.117060320054299893e-01
3.541635254204903993e-01, 9.351835099389476103e-01
3.541635254204903438e-01, -9.351835099389476103e-01
-3.541635254204903993e-01, -9.351835099389476103e-01
-3.541635254204903438e-01, 9.351835099389476103e-01
-9.351835099389476103e-01, 3.541635254204903993e-01
-9.351835099389476103e-01, -3.541635254204903438e-01
9.351835099389476103e-01, -3.541635254204903993e-01
9.351835099389476103e-01, 3.541635254204903438e-01
9.743393827855758582e-01, 2.250839113597928598e-01
9.743393827855759692e-01, -2.250839113597928043e-01
-9.743393827855758582e-01, -2.250839113597928598e-01
-9.743393827855759692e-01, 2.250839113597928043e-01
-2.250839113597928598e-01, 9.743393827855758582e-01
-2.250839113597928043e-01, -9.743393827855759692e-01
2.250839113597928598e-01, -9.743393827855758582e-01
2.250839113597928043e-01, 9.743393827855759692e-01
5.298036246862947163e-01, 8.481203448032973435e-01
5.298036246862947163e-01, -8.481203448032972325e-01
-5.298036246862947163e-01, -8.481203448032973435e-01
-5.298036246862947163e-01, 8.481203448032972325e-01
-8.481203448032973435e-01, 5.298036246862947163e-01
-8.481203448032972325e-01, -5.298036246862947163e-01
8.481203448032973435e-01, -5.298036246862947163e-01
8.481203448032972325e-01, 5.298036246862947163e-01
8.140363297059483028e-01, 5.808139580957645265e-01
8.140363297059483028e-01, -5.808139580957646375e-01
-8.140363297059483028e-01, -5.808139580957645265e-01
-8.140363297059483028e-01, 5.808139580957646375e-01
-5.808139580957645265e-01, 8.140363297059483028e-01
-5.808139580957646375e-01, -8.140363297059483028e-01
5.808139580957645265e-01, -8.140363297059483028e-01
5.808139580957646375e-01, 8.140363297059483028e-01
1.649131204899698944e-01, 9.863080972445986694e-01
1.649131204899699221e-01, -9.863080972445986694e-01
-1.649131204899698944e-01, -9.863080972445986694e-01
-1.649131204899699221e-01, 9.863080972445986694e-01
-9.863080972445986694e-01, 1.649131204899698944e-01
-9.863080972445986694e-01, -1.649131204899699221e-01
9.863080972445986694e-01, -1.649131204899698944e-01
9.863080972445986694e-01, 1.649131204899699221e-01
9.917097536690995252e-01, 1.284981107937931688e-01
9.917097536690996362e-01, -1.284981107937931133e-01
-9.917097536690995252e-01, -1.284981107937931688e-01
-9.917097536690996362e-01, 1.284981107937931133e-01
-1.284981107937931688e-01, 9.917097536690995252e-01
-1.284981107937931133e-01, -9.917097536690996362e-01
1.284981107937931688e-01, -9.917097536690995252e-01
1.284981107937931133e-01, 9.917097536690996362e-01
6.103828062763094753e-01, 7.921065773002123889e-01
6.103828062763094753e-01, -7.921065773002123889e-01
-6.103828062763094753e-01, -7.921065773002123889e-01
-6.103828062763094753e-01, 7.921065773002123889e-01
-7.921065773002123889e-01, 6.103828062763094753e-01
-7.921065773002123889e-01, -6.103828062763094753e-01
7.921065773002123889e-01, -6.103828062763094753e-01
7.921065773002123889e-01, 6.103828062763094753e-01
8.670462455156926485e-01, 4.982276669727818685e-01
8.670462455156927595e-01, -4.982276669727818685e-01
-8.670462455156926485e-01, -4.982276669727818685e-01
-8.670462455156927595e-01, 4.982276669727818685e-01
-4.982276669727818685e-01, 8.670462455156926485e-01
-4.982276669727818685e-01, -8.670462455156927595e-01
4.982276669727818685e-01, -8.670462455156926485e-01
4.982276669727818685e-01, 8.670462455156927595e-01
2.607941179152755695e-01, 9.653944416976895093e-01
2.607941179152755140e-01, -9.653944416976892873e-01
-2.607941179152755695e-01, -9.653944416976895093e-01
-2.607941179152755140e-01, 9.653944416976892873e-01
-9.653944416976895093e-01, 2.607941179152755695e-01
-9.653944416976892873e-01, -2.607941179152755140e-01
9.653944416976895093e-01, -2.607941179152755695e-01
9.653944416976892873e-01, 2.607941179152755140e-01
9.475855910177412023e-01, 3.195020308160156919e-01
9.475855910177412023e-01, -3.195020308160156364e-01
-9.475855910177412023e-01, -3.195020308160156919e-01
-9.475855910177412023e-01, 3.195020308160156364e-01
-3.195020308160156919e-01, 9.475855910177412023e-01
-3.195020308160156364e-01, -9.475855910177412023e-01
3.195020308160156919e-01, -9.475855910177412023e-01
3.195020308160156364e-01, 9.475855910177412023e-01
4.441221445704292559e-01, 8.959662497561852179e-01
4.441221445704292003e-01, -8.959662497561851069e-01
-4.441221445704292559e-01, -8.959662497561852179e-01
-4.441221445704292003e-01, 8.959662497561851069e-01
-8.959662497561852179e-01, 4.441221445704292559e-01
-8.959662497561851069e-01, -4.441221445704292003e-01
8.959662497561852179e-01, -4.441221445704292559e-01
8.959662497561851069e-01, 4.441221445704292003e-01
7.531867990436125204e-01, 6.578066932970787484e-01
7.531867990436124094e-01, -6.578066932970786374e-01
-7.531867990436125204e-01, -6.578066932970787484e-01
-7.531867990436124094e-01, 6.578066932970786374e-01
-6.578066932970787484e-01, 7.531867990436125204e-01
-6.578066932970786374e-01, -7.531867990436124094e-01
6.578066932970787484e-01, -7.531867990436125204e-01
6.578066932970786374e-01, 7.531867990436124094e-01
6.744391956366402319e-02, 9.977230666441917473e-01
6.744391956366405094e-02, -9.977230666441915252e-01
-6.744391956366402319e-02, -9.977230666441917473e-01
-6.744391956366405094e-02, 9.977230666441915252e-01
-9.977230666441917473e-01, 6.744391956366402319e-02
-9.977230666441915252e-01, -6.744391956366405094e-02
9.977230666441917473e-01, -6.744391956366402319e-02
9.977230666441915252e-01, 6.744391956366405094e-02
9.968202992911656679e-01, 7.968243797143012563e-02
9.968202992911657789e-01, -7.968243797143008400e-02
-9.968202992911656679e-01, -7.968243797143012563e-02
-9.968202992911657789e-01, 7.968243797143008400e-02
-7.968243797143012563e-02, 9.968202992911656679e-01
-7.968243797143008400e-02, -9.968202992911657789e-01
7.968243797143012563e-02, -9.968202992911656679e-01
7.968243797143008400e-02, 9.968202992911657789e-01
6.485144010221125521e-01, 7.612023854842617787e-01
6.485144010221124411e-01, -7.612023854842617787e-01
-6.485144010221125521e-01, -7.612023854842617787e-01
-6.485144010221124411e-01, 7.612023854842617787e-01
-7.612023854842617787e-01, 6.485144010221125521e-01
-7.612023854842617787e-01, -6.485144010221124411e-01
7.612023854842617787e-01, -6.485144010221125521e-01
7.612023854842617787e-01, 6.485144010221124411e-01
8.904487232447578782e-01, 4.550835871263437804e-01
8.904487232447579892e-01, -4.550835871263438359e-01
-8.904487232447578782e-01, -4.550835871263437804e-01
-8.904487232447579892e-01, 4.550835871263438359e-01
-4.550835871263437804e-01, 8.904487232447578782e-01
-4.550835871263438359e-01, -8.904487232447579892e-01
4.550835871263437804e-01, -8.904487232447578782e-01
4.550835871263438359e-01, 8.904487232447579892e-01
3.078496400415348666e-01, 9.514350209690084492e-01
3.078496400415349221e-01, -9.514350209690083382e-01
-3.078496400415348666e-01, -9.514350209690084492e-01
-3.078496400415349221e-01, 9.514350209690083382e-01
-9.514350209690084492e-01, 3.078496400415348666e-01
-9.514350209690083382e-01, -3.078496400415349221e-01
9.514350209690084492e-01, -3.078496400415348666e-01
9.514350209690083382e-01, 3.078496400415349221e-01
9.621214042690415802e-01, 2.726213554499490321e-01
9.621214042690418022e-01, -2.726213554499489766e-01
-9.621214042690415802e-01, -2.726213554499490321e-01
-9.621214042690418022e-01, 2.726213554499489766e-01
-2.726213554499490321e-01, 9.621214042690415802e-01
-2.726213554499489766e-01, -9.621214042690418022e-01
2.726213554499490321e-01, -9.621214042690415802e-01
2.726213554499489766e-01, 9.621214042690418022e-01
4.875501601484359959e-01, 8.730949784182902018e-01
4.875501601484359404e-01, -8.730949784182900908e-01
-4.875501601484359959e-01, -8.730949784182902018e-01
-4.875501601484359404e-01, 8.730949784182900908e-01
-8.730949784182902018e-01, 4.875501601484359959e-01
-8.730949784182900908e-01, -4.875501601484359404e-01
8.730949784182902018e-01, -4.875501601484359959e-01
8.730949784182900908e-01, 4.875501601484359404e-01
7.845565971555752416e-01, 6.200572117632892066e-01
7.845565971555752416e-01, -6.200572117632892066e-01
-7.845565971555752416e-01, -6.200572117632892066e-01
-7.845565971555752416e-01, 6.200572117632892066e-01
-6.200572117632892066e-01, 7.845565971555752416e-01
-6.200572117632892066e-01, -7.845565971555752416e-01
6.200572117632892066e-01, -7.845565971555752416e-01
6.200572117632892066e-01, 7.845565971555752416e-01
1.163186309119047246e-01, 9.932119492347947221e-01
1.163186309119047662e-01, -9.932119492347945000e-01
-1.163186309119047246e-01, -9.932119492347947221e-01
-1.163186309119047662e-01, 9.932119492347945000e-01
-9.932119492347947221e-01, 1.163186309119047246e-01
-9.932119492347945000e-01, -1.163186309119047662e-01
9.932119492347947221e-01, -1.163186309119047246e-01
9.932119492347945000e-01, 1.163186309119047662e-01
9.842100923869291362e-01, 1.770042204121487495e-01
9.842100923869291362e-01, -1.770042204121487217e-01
-9.842100923869291362e-01, -1.770042204121487495e-01
-9.842100923869291362e-01, 1.770042204121487217e-01
-1.770042204121487495e-01, 9.842100923869291362e-01
-1.770042204121487217e-01, -9.842100923869291362e-01
1.770042204121487495e-01, -9.842100923869291362e-01
1.770042204121487217e-01, 9.842100923869291362e-01
5.707807458869673667e-01, 8.211025149911046483e-01
5.707807458869672557e-01, -8.211025149911045373e-01
-5.707807458869673667e-01, -8.211025149911046483e-01
-5.707807458869672557e-01, 8.211025149911045373e-01
-8.211025149911046483e-01, 5.707807458869673667e-01
-8.211025149911045373e-01, -5.707807458869672557e-01
8.211025149911046483e-01, -5.707807458869673667e-01
8.211025149911045373e-01, 5.707807458869672557e-01
8.415549774368984437e-01, 5.401714727298929652e-01
8.415549774368984437e-01, -5.401714727298928542e-01
-8.415549774368984437e-01, -5.401714727298929652e-01
-8.415549774368984437e-01, 5.401714727298928542e-01
-5.401714727298929652e-01, 8.415549774368984437e-01
-5.401714727298928542e-01, -8.415549774368984437e-01
5.401714727298929652e-01, -8.415549774368984437e-01
5.401714727298928542e-01, 8.415549774368984437e-01
2.131103199160913619e-01, 9.770281426577546169e-01
2.131103199160913897e-01, -9.770281426577542838e-01
-2.131103199160913619e-01, -9.770281426577546169e-01
-2.131103199160913897e-01, 9.770281426577542838e-01
-9.770281426577546169e-01, 2.131103199160913619e-01
-9.770281426577542838e-01, -2.131103199160913897e-01
9.770281426577546169e-01, -2.131103199160913619e-01
9.770281426577542838e-01, 2.131103199160913897e-01
9.307669610789838233e-01, 3.656129978047738538e-01
9.307669610789837122e-01, -3.656129978047738538e-01
-9.307669610789838233e-01, -3.656129978047738538e-01
-9.307669610789837122e-01, 3.656129978047738538e-01
-3.656129978047738538e-01, 9.307669610789838233e-01
-3.656129978047738538e-01, -9.307669610789837122e-01
3.656129978047738538e-01, -9.307669610789838233e-01
3.656129978047738538e-01, 9.307669610789837122e-01
