2.000000000000000000e+00, 0.000000000000000000e+00
-2.000000000000000000e+00, 0.000000000000000000e+00
0.000000000000000000e+00, 0.000000000000000000e+00
-1.000000000000000000e+00, 0.000000000000000000e+00
1.000000000000000000e+00, 0.000000000000000000e+00
-1.500000000000000000e+00, 0.000000000000000000e+00
1.500000000000000000e+00, 0.000000000000000000e+00
5.000000000000000000e-01, 0.000000000000000000e+00
-1.750000000000000000e+00, 0.000000000000000000e+00
1.750000000000000000e+00, 0.000000000000000000e+00
-5.000000000000000000e-01, 0.000000000000000000e+00
-1.875000000000000000e+00, 0.000000000000000000e+00
1.875000000000000000e+00, 0.000000000000000000e+00
1.250000000000000000e+00, 0.000000000000000000e+00
-1.250000000000000000e+00, 0.000000000000000000e+00
2.500000000000000000e-01, 0.000000000000000000e+00
-1.937500000000000000e+00, 0.000000000000000000e+00
1.937500000000000000e+00, 0.000000000000000000e+00
-7.500000000000000000e-01, 0.000000000000000000e+00
7.500000000000000000e-01, 0.000000000000000000e+00
-1.625000000000000000e+00, 0.000000000000000000e+00
1.625000000000000000e+00, 0.000000000000000000e+00
-2.500000000000000000e-01, 0.000000000000000000e+00
-1.968750000000000000e+00, 0.000000000000000000e+00
1.968750000000000000e+00, 0.000000000000000000e+00
-1.125000000000000000e+00, 0.000000000000000000e+00
1.125000000000000000e+00, 0.000000000000000000e+00
1.250000000000000000e-01, 0.000000000000000000e+00
-1.375000000000000000e+00, 0.000000000000000000e+00
1.812500000000000000e+00, 0.000000000000000000e+00
-1.812500000000000000e+00, 0.000000000000000000e+00
1.375000000000000000e+00, 0.000000000000000000e+00
-6.250000000000000000e-01, 0.000000000000000000e+00
6.250000000000000000e-01, 0.000000000000000000e+00
-1.984375000000000000e+00, 0.000000000000000000e+00
1.984375000000000000e+00, 0.000000000000000000e+00
-3.750000000000000000e-01, 0.000000000000000000e+00
8.750000000000000000e-01, 0.000000000000000000e+00
-1.687500000000000000e+00, 0.000000000000000000e+00
1.687500000000000000e+00, 0.000000000000000000e+00
-8.750000000000000000e-01, 0.000000000000000000e+00
3.750000000000000000e-01, 0.000000000000000000e+00
-1.906250000000000000e+00, 0.000000000000000000e+00
1.906250000000000000e+00, 0.000000000000000000e+00
-1.250000000000000000e-01, 0.000000000000000000e+00
-1.437500000000000000e+00, 0.000000000000000000e+00
1.437500000000000000e+00, 0.000000000000000000e+00
-1.992187500000000000e+00, 0.000000000000000000e+00
1.992187500000000000e+00, 0.000000000000000000e+00
1.062500000000000000e+00, 0.000000000000000000e+00
-1.187500000000000000e+00, 0.000000000000000000e+00
1.562500000000000000e+00, 0.000000000000000000e+00
-1.562500000000000000e+00, 0.000000000000000000e+00
-5.625000000000000000e-01, 0.000000000000000000e+00
5.625000000000000000e-01, 0.000000000000000000e+00
1.843750000000000000e+00, 0.000000000000000000e+00
-1.843750000000000000e+00, 0.000000000000000000e+00
-6.250000000000000000e-02, 0.000000000000000000e+00
1.312500000000000000e+00, 0.000000000000000000e+00
-9.375000000000000000e-01, 0.000000000000000000e+00
-1.953125000000000000e+00, 0.000000000000000000e+00
1.953125000000000000e+00, 0.000000000000000000e+00
8.125000000000000000e-01, 0.000000000000000000e+00
-1.312500000000000000e+00, 0.000000000000000000e+00
1.875000000000000000e-01, 0.000000000000000000e+00
1.718750000000000000e+00, 0.000000000000000000e+00
-1.718750000000000000e+00, 0.000000000000000000e+00
-3.125000000000000000e-01, 0.000000000000000000e+00
1.996093750000000000e+00, 0.000000000000000000e+00
-1.996093750000000000e+00, 0.000000000000000000e+00
1.187500000000000000e+00, 0.000000000000000000e+00
-8.125000000000000000e-01, 0.000000000000000000e+00
4.375000000000000000e-01, 0.000000000000000000e+00
-1.781250000000000000e+00, 0.000000000000000000e+00
1.781250000000000000e+00, 0.000000000000000000e+00
-1.062500000000000000e+00, 0.000000000000000000e+00
9.375000000000000000e-01, 0.000000000000000000e+00
-1.593750000000000000e+00, 0.000000000000000000e+00
1.593750000000000000e+00, 0.000000000000000000e+00
-4.375000000000000000e-01, 0.000000000000000000e+00
1.921875000000000000e+00, 0.000000000000000000e+00
-1.921875000000000000e+00, 0.000000000000000000e+00
6.250000000000000000e-02, 0.000000000000000000e+00
6.875000000000000000e-01, 0.000000000000000000e+00
-1.406250000000000000e+00, 0.000000000000000000e+00
1.468750000000000000e+00, 0.000000000000000000e+00
-1.976562500000000000e+00, 0.000000000000000000e+00
1.976562500000000000e+00, 0.000000000000000000e+00
-6.875000000000000000e-01, 0.000000000000000000e+00
3.125000000000000000e-01, 0.000000000000000000e+00
-1.656250000000000000e+00, 0.000000000000000000e+00
1.281250000000000000e+00, 0.000000000000000000e+00
1.859375000000000000e+00, 0.000000000000000000e+00
-1.218750000000000000e+00, 0.000000000000000000e+00
-1.875000000000000000e-01, 0.000000000000000000e+00
-1.890625000000000000e+00, 0.000000000000000000e+00
1.656250000000000000e+00, 0.000000000000000000e+00
1.031250000000000000e+00, 0.000000000000000000e+00
-1.998046875000000000e+00, 0.000000000000000000e+00
1.998046875000000000e+00, 0.000000000000000000e+00
-9.687500000000000000e-01, 0.000000000000000000e+00
-1.531250000000000000e+00, 0.000000000000000000e+00
7.187500000000000000e-01, 0.000000000000000000e+00
1.406250000000000000e+00, 0.000000000000000000e+00
-5.937500000000000000e-01, 0.000000000000000000e+00
-1.828125000000000000e+00, 0.000000000000000000e+00
1.890625000000000000e+00, 0.000000000000000000e+00
9.375000000000000000e-02, 0.000000000000000000e+00
-1.343750000000000000e+00, 0.000000000000000000e+00
1.156250000000000000e+00, 0.000000000000000000e+00
-1.960937500000000000e+00, 0.000000000000000000e+00
1.796875000000000000e+00, 0.000000000000000000e+00
-2.812500000000000000e-01, 0.000000000000000000e+00
4.687500000000000000e-01, 0.000000000000000000e+00
-1.093750000000000000e+00, 0.000000000000000000e+00
1.960937500000000000e+00, 0.000000000000000000e+00
-1.765625000000000000e+00, 0.000000000000000000e+00
1.531250000000000000e+00, 0.000000000000000000e+00
-7.812500000000000000e-01, 0.000000000000000000e+00
9.062500000000000000e-01, 0.000000000000000000e+00
-1.468750000000000000e+00, 0.000000000000000000e+00
1.988281250000000000e+00, 0.000000000000000000e+00
-1.988281250000000000e+00, 0.000000000000000000e+00
2.812500000000000000e-01, 0.000000000000000000e+00
-4.062500000000000000e-01, 0.000000000000000000e+00
1.734375000000000000e+00, 0.000000000000000000e+00
-1.859375000000000000e+00, 0.000000000000000000e+00
1.343750000000000000e+00, 0.000000000000000000e+00
-9.375000000000000000e-02, 0.000000000000000000e+00
-1.281250000000000000e+00, 0.000000000000000000e+00
5.937500000000000000e-01, 0.000000000000000000e+00
1.929687500000000000e+00, 0.000000000000000000e+00
-1.703125000000000000e+00, 0.000000000000000000e+00
-9.062500000000000000e-01, 0.000000000000000000e+00
1.218750000000000000e+00, 0.000000000000000000e+00
-1.945312500000000000e+00, 0.000000000000000000e+00
1.828125000000000000e+00, 0.000000000000000000e+00
8.437500000000000000e-01, 0.000000000000000000e+00
-6.562500000000000000e-01, 0.000000000000000000e+00
-1.999023437500000000e+00, 0.000000000000000000e+00
1.999023437500000000e+00, 0.000000000000000000e+00
1.562500000000000000e-01, 0.000000000000000000e+00
-1.609375000000000000e+00, 0.000000000000000000e+00
1.640625000000000000e+00, 0.000000000000000000e+00
-1.156250000000000000e+00, 0.000000000000000000e+00
1.093750000000000000e+00, 0.000000000000000000e+00
-2.187500000000000000e-01, 0.000000000000000000e+00
-1.796875000000000000e+00, 0.000000000000000000e+00
1.546875000000000000e+00, 0.000000000000000000e+00
4.062500000000000000e-01, 0.000000000000000000e+00
-1.914062500000000000e+00, 0.000000000000000000e+00
1.945312500000000000e+00, 0.000000000000000000e+00
-1.031250000000000000e+00, 0.000000000000000000e+00
-4.687500000000000000e-01, 0.000000000000000000e+00
1.765625000000000000e+00, 0.000000000000000000e+00
-1.515625000000000000e+00, 0.000000000000000000e+00
7.812500000000000000e-01, 0.000000000000000000e+00
-3.125000000000000000e-02, 0.000000000000000000e+00
-1.980468750000000000e+00, 0.000000000000000000e+00
1.980468750000000000e+00, 0.000000000000000000e+00
9.687500000000000000e-01, 0.000000000000000000e+00
-8.437500000000000000e-01, 0.000000000000000000e+00
1.453125000000000000e+00, 0.000000000000000000e+00
-1.671875000000000000e+00, 0.000000000000000000e+00
1.898437500000000000e+00, 0.000000000000000000e+00
-1.390625000000000000e+00, 0.000000000000000000e+00
5.312500000000000000e-01, 0.000000000000000000e+00
-1.882812500000000000e+00, 0.000000000000000000e+00
1.671875000000000000e+00, 0.000000000000000000e+00
-5.312500000000000000e-01, 0.000000000000000000e+00
2.187500000000000000e-01, 0.000000000000000000e+00
-1.994140625000000000e+00, 0.000000000000000000e+00
1.328125000000000000e+00, 0.000000000000000000e+00
-7.187500000000000000e-01, 0.000000000000000000e+00
1.994140625000000000e+00, 0.000000000000000000e+00
-1.734375000000000000e+00, 0.000000000000000000e+00
6.562500000000000000e-01, 0.000000000000000000e+00
-1.265625000000000000e+00, 0.000000000000000000e+00
1.867187500000000000e+00, 0.000000000000000000e+00
-1.562500000000000000e-01, 0.000000000000000000e+00
-1.929687500000000000e+00, 0.000000000000000000e+00
1.578125000000000000e+00, 0.000000000000000000e+00
3.437500000000000000e-01, 0.000000000000000000e+00
-1.453125000000000000e+00, 0.000000000000000000e+00
1.203125000000000000e+00, 0.000000000000000000e+00
-3.437500000000000000e-01, 0.000000000000000000e+00
1.964843750000000000e+00, 0.000000000000000000e+00
-1.972656250000000000e+00, 0.000000000000000000e+00
-1.109375000000000000e+00, 0.000000000000000000e+00
1.703125000000000000e+00, 0.000000000000000000e+00
-1.578125000000000000e+00, 0.000000000000000000e+00
1.046875000000000000e+00, 0.000000000000000000e+00
3.125000000000000000e-02, 0.000000000000000000e+00
-1.851562500000000000e+00, 0.000000000000000000e+00
1.914062500000000000e+00, 0.000000000000000000e+00
1.390625000000000000e+00, 0.000000000000000000e+00
-9.218750000000000000e-01, 0.000000000000000000e+00
-1.999511718750000000e+00, 0.000000000000000000e+00
1.999511718750000000e+00, 0.000000000000000000e+00
8.281250000000000000e-01, 0.000000000000000000e+00
-1.328125000000000000e+00, 0.000000000000000000e+00
-6.718750000000000000e-01, 0.000000000000000000e+00
1.820312500000000000e+00, 0.000000000000000000e+00
-1.640625000000000000e+00, 0.000000000000000000e+00
5.781250000000000000e-01, 0.000000000000000000e+00
1.515625000000000000e+00, 0.000000000000000000e+00
-1.820312500000000000e+00, 0.000000000000000000e+00
-2.343750000000000000e-01, 0.000000000000000000e+00
1.140625000000000000e+00, 0.000000000000000000e+00
-1.171875000000000000e+00, 0.000000000000000000e+00
1.972656250000000000e+00, 0.000000000000000000e+00
-1.957031250000000000e+00, 0.000000000000000000e+00
2.656250000000000000e-01, 0.000000000000000000e+00
1.609375000000000000e+00, 0.000000000000000000e+00
-7.968750000000000000e-01, 0.000000000000000000e+00
9.531250000000000000e-01, 0.000000000000000000e+00
-1.898437500000000000e+00, 0.000000000000000000e+00
-4.531250000000000000e-01, 0.000000000000000000e+00
1.851562500000000000e+00, 0.000000000000000000e+00
-1.546875000000000000e+00, 0.000000000000000000e+00
1.265625000000000000e+00, 0.000000000000000000e+00
4.687500000000000000e-02, 0.000000000000000000e+00
-1.015625000000000000e+00, 0.000000000000000000e+00
1.990234375000000000e+00, 0.000000000000000000e+00
-1.990234375000000000e+00, 0.000000000000000000e+00
7.031250000000000000e-01, 0.000000000000000000e+00
-1.773437500000000000e+00, 0.000000000000000000e+00
1.773437500000000000e+00, 0.000000000000000000e+00
4.218750000000000000e-01, 0.000000000000000000e+00
-1.421875000000000000e+00, 0.000000000000000000e+00
1.421875000000000000e+00, 0.000000000000000000e+00
-5.781250000000000000e-01, 0.000000000000000000e+00
1.949218750000000000e+00, 0.000000000000000000e+00
-1.941406250000000000e+00, 0.000000000000000000e+00
-1.093750000000000000e-01, 0.000000000000000000e+00
-1.234375000000000000e+00, 0.000000000000000000e+00
8.906250000000000000e-01, 0.000000000000000000e+00
1.726562500000000000e+00, 0.000000000000000000e+00
-1.726562500000000000e+00, 0.000000000000000000e+00
1.718750000000000000e-01, 0.000000000000000000e+00
1.882812500000000000e+00, 0.000000000000000000e+00
-8.593750000000000000e-01, 0.000000000000000000e+00
-1.997070312500000000e+00, 0.000000000000000000e+00
1.484375000000000000e+00, 0.000000000000000000e+00
-3.593750000000000000e-01, 0.000000000000000000e+00
-1.484375000000000000e+00, 0.000000000000000000e+00
1.109375000000000000e+00, 0.000000000000000000e+00
1.997070312500000000e+00, 0.000000000000000000e+00
-1.867187500000000000e+00, 0.000000000000000000e+00
5.156250000000000000e-01, 0.000000000000000000e+00
-1.078125000000000000e+00, 0.000000000000000000e+00
1.296875000000000000e+00, 0.000000000000000000e+00
-1.679687500000000000e+00, 0.000000000000000000e+00
1.804687500000000000e+00, 0.000000000000000000e+00
-4.687500000000000000e-02, 0.000000000000000000e+00
-1.964843750000000000e+00, 0.000000000000000000e+00
7.656250000000000000e-01, 0.000000000000000000e+00
-7.343750000000000000e-01, 0.000000000000000000e+00
1.933593750000000000e+00, 0.000000000000000000e+00
-1.359375000000000000e+00, 0.000000000000000000e+00
1.664062500000000000e+00, 0.000000000000000000e+00
3.281250000000000000e-01, 0.000000000000000000e+00
-1.804687500000000000e+00, 0.000000000000000000e+00
-5.156250000000000000e-01, 0.000000000000000000e+00
1.015625000000000000e+00, 0.000000000000000000e+00
1.982421875000000000e+00, 0.000000000000000000e+00
-1.986328125000000000e+00, 0.000000000000000000e+00
-9.843750000000000000e-01, 0.000000000000000000e+00
1.359375000000000000e+00, 0.000000000000000000e+00
-2.968750000000000000e-01, 0.000000000000000000e+00
-1.617187500000000000e+00, 0.000000000000000000e+00
6.406250000000000000e-01, 0.000000000000000000e+00
1.835937500000000000e+00, 0.000000000000000000e+00
-1.917968750000000000e+00, 0.000000000000000000e+00
1.601562500000000000e+00, 0.000000000000000000e+00
-1.296875000000000000e+00, 0.000000000000000000e+00
1.093750000000000000e-01, 0.000000000000000000e+00
1.999755859375000000e+00, 0.000000000000000000e+00
-1.835937500000000000e+00, 0.000000000000000000e+00
1.234375000000000000e+00, 0.000000000000000000e+00
-6.406250000000000000e-01, 0.000000000000000000e+00
4.531250000000000000e-01, 0.000000000000000000e+00
-1.999755859375000000e+00, 0.000000000000000000e+00
1.957031250000000000e+00, 0.000000000000000000e+00
-1.203125000000000000e+00, 0.000000000000000000e+00
-1.718750000000000000e-01, 0.000000000000000000e+00
1.695312500000000000e+00, 0.000000000000000000e+00
-1.554687500000000000e+00, 0.000000000000000000e+00
9.218750000000000000e-01, 0.000000000000000000e+00
-1.757812500000000000e+00, 0.000000000000000000e+00
1.910156250000000000e+00, 0.000000000000000000e+00
-8.906250000000000000e-01, 0.000000000000000000e+00
1.171875000000000000e+00, 0.000000000000000000e+00
2.343750000000000000e-01, 0.000000000000000000e+00
-1.949218750000000000e+00, 0.000000000000000000e+00
1.539062500000000000e+00, 0.000000000000000000e+00
-4.218750000000000000e-01, 0.000000000000000000e+00
-1.140625000000000000e+00, 0.000000000000000000e+00
1.757812500000000000e+00, 0.000000000000000000e+00
7.343750000000000000e-01, 0.000000000000000000e+00
-1.978515625000000000e+00, 0.000000000000000000e+00
1.986328125000000000e+00, 0.000000000000000000e+00
-1.648437500000000000e+00, 0.000000000000000000e+00
-1.562500000000000000e-02, 0.000000000000000000e+00
1.078125000000000000e+00, 0.000000000000000000e+00
-1.476562500000000000e+00, 0.000000000000000000e+00
-7.656250000000000000e-01, 0.000000000000000000e+00
1.476562500000000000e+00, 0.000000000000000000e+00
-1.894531250000000000e+00, 0.000000000000000000e+00
1.886718750000000000e+00, 0.000000000000000000e+00
3.593750000000000000e-01, 0.000000000000000000e+00
-1.046875000000000000e+00, 0.000000000000000000e+00
6.093750000000000000e-01, 0.000000000000000000e+00
-1.789062500000000000e+00, 0.000000000000000000e+00
1.941406250000000000e+00, 0.000000000000000000e+00
-2.656250000000000000e-01, 0.000000000000000000e+00
1.632812500000000000e+00, 0.000000000000000000e+00
-1.995117187500000000e+00, 0.000000000000000000e+00
8.593750000000000000e-01, 0.000000000000000000e+00
-1.398437500000000000e+00, 0.000000000000000000e+00
1.995117187500000000e+00, 0.000000000000000000e+00
-5.468750000000000000e-01, 0.000000000000000000e+00
-1.710937500000000000e+00, 0.000000000000000000e+00
1.382812500000000000e+00, 0.000000000000000000e+00
7.812500000000000000e-02, 0.000000000000000000e+00
1.789062500000000000e+00, 0.000000000000000000e+00
-1.933593750000000000e+00, 0.000000000000000000e+00
-9.531250000000000000e-01, 0.000000000000000000e+00
9.843750000000000000e-01, 0.000000000000000000e+00
-1.523437500000000000e+00, 0.000000000000000000e+00
1.974609375000000000e+00, 0.000000000000000000e+00
-1.406250000000000000e-01, 0.000000000000000000e+00
4.843750000000000000e-01, 0.000000000000000000e+00
-1.871093750000000000e+00, 0.000000000000000000e+00
1.570312500000000000e+00, 0.000000000000000000e+00
-7.031250000000000000e-01, 0.000000000000000000e+00
1.742187500000000000e+00, 0.000000000000000000e+00
-1.982421875000000000e+00, 0.000000000000000000e+00
-1.304687500000000000e+00, 0.000000000000000000e+00
1.289062500000000000e+00, 0.000000000000000000e+00
-3.906250000000000000e-01, 0.000000000000000000e+00
1.925781250000000000e+00, 0.000000000000000000e+00
7.968750000000000000e-01, 0.000000000000000000e+00
-1.585937500000000000e+00, 0.000000000000000000e+00
2.031250000000000000e-01, 0.000000000000000000e+00
-8.281250000000000000e-01, 0.000000000000000000e+00
1.863281250000000000e+00, 0.000000000000000000e+00
-1.998535156250000000e+00, 0.000000000000000000e+00
1.429687500000000000e+00, 0.000000000000000000e+00
-1.742187500000000000e+00, 0.000000000000000000e+00
6.718750000000000000e-01, 0.000000000000000000e+00
1.998535156250000000e+00, 0.000000000000000000e+00
-1.210937500000000000e+00, 0.000000000000000000e+00
-7.812500000000000000e-02, 0.000000000000000000e+00
-1.910156250000000000e+00, 0.000000000000000000e+00
1.195312500000000000e+00, 0.000000000000000000e+00
-6.093750000000000000e-01, 0.000000000000000000e+00
1.679687500000000000e+00, 0.000000000000000000e+00
-1.445312500000000000e+00, 0.000000000000000000e+00
3.906250000000000000e-01, 0.000000000000000000e+00
-1.966796875000000000e+00, 0.000000000000000000e+00
1.966796875000000000e+00, 0.000000000000000000e+00
-3.281250000000000000e-01, 0.000000000000000000e+00
1.507812500000000000e+00, 0.000000000000000000e+00
-1.664062500000000000e+00, 0.000000000000000000e+00
5.468750000000000000e-01, 0.000000000000000000e+00
-1.101562500000000000e+00, 0.000000000000000000e+00
1.839843750000000000e+00, 0.000000000000000000e+00
-1.847656250000000000e+00, 0.000000000000000000e+00
1.085937500000000000e+00, 0.000000000000000000e+00
1.406250000000000000e-01, 0.000000000000000000e+00
-1.351562500000000000e+00, 0.000000000000000000e+00
1.902343750000000000e+00, 0.000000000000000000e+00
-4.843750000000000000e-01, 0.000000000000000000e+00
-1.993164062500000000e+00, 0.000000000000000000e+00
1.335937500000000000e+00, 0.000000000000000000e+00
1.993164062500000000e+00, 0.000000000000000000e+00
-9.921875000000000000e-01, 0.000000000000000000e+00
2.968750000000000000e-01, 0.000000000000000000e+00
-1.925781250000000000e+00, 0.000000000000000000e+00
1.710937500000000000e+00, 0.000000000000000000e+00
9.609375000000000000e-01, 0.000000000000000000e+00
-1.695312500000000000e+00, 0.000000000000000000e+00
-2.031250000000000000e-01, 0.000000000000000000e+00
-1.257812500000000000e+00, 0.000000000000000000e+00
1.617187500000000000e+00, 0.000000000000000000e+00
-1.816406250000000000e+00, 0.000000000000000000e+00
1.242187500000000000e+00, 0.000000000000000000e+00
1.562500000000000000e-02, 0.000000000000000000e+00
1.978515625000000000e+00, 0.000000000000000000e+00
-8.671875000000000000e-01, 0.000000000000000000e+00
-1.974609375000000000e+00, 0.000000000000000000e+00
8.359375000000000000e-01, 0.000000000000000000e+00
1.808593750000000000e+00, 0.000000000000000000e+00
-1.507812500000000000e+00, 0.000000000000000000e+00
-7.109375000000000000e-01, 0.000000000000000000e+00
1.917968750000000000e+00, 0.000000000000000000e+00
-1.601562500000000000e+00, 0.000000000000000000e+00
1.132812500000000000e+00, 0.000000000000000000e+00
-1.999877929687500000e+00, 0.000000000000000000e+00
6.484375000000000000e-01, 0.000000000000000000e+00
1.460937500000000000e+00, 0.000000000000000000e+00
-1.148437500000000000e+00, 0.000000000000000000e+00
1.999877929687500000e+00, 0.000000000000000000e+00
-1.886718750000000000e+00, 0.000000000000000000e+00
-4.765625000000000000e-01, 0.000000000000000000e+00
4.453125000000000000e-01, 0.000000000000000000e+00
1.648437500000000000e+00, 0.000000000000000000e+00
-1.414062500000000000e+00, 0.000000000000000000e+00
1.023437500000000000e+00, 0.000000000000000000e+00
-1.785156250000000000e+00, 0.000000000000000000e+00
1.955078125000000000e+00, 0.000000000000000000e+00
-1.953125000000000000e-01, 0.000000000000000000e+00
-9.296875000000000000e-01, 0.000000000000000000e+00
-1.955078125000000000e+00, 0.000000000000000000e+00
1.554687500000000000e+00, 0.000000000000000000e+00
1.953125000000000000e-01, 0.000000000000000000e+00
1.878906250000000000e+00, 0.000000000000000000e+00
-1.054687500000000000e+00, 0.000000000000000000e+00
7.578125000000000000e-01, 0.000000000000000000e+00
-1.632812500000000000e+00, 0.000000000000000000e+00
1.367187500000000000e+00, 0.000000000000000000e+00
-6.015625000000000000e-01, 0.000000000000000000e+00
-1.989257812500000000e+00, 0.000000000000000000e+00
1.777343750000000000e+00, 0.000000000000000000e+00
7.812500000000000000e-03, 0.000000000000000000e+00
-1.832031250000000000e+00, 0.000000000000000000e+00
1.989257812500000000e+00, 0.000000000000000000e+00
5.546875000000000000e-01, 0.000000000000000000e+00
-1.335937500000000000e+00, 0.000000000000000000e+00
8.984375000000000000e-01, 0.000000000000000000e+00
-7.890625000000000000e-01, 0.000000000000000000e+00
1.824218750000000000e+00, 0.000000000000000000e+00
-1.902343750000000000e+00, 0.000000000000000000e+00
-3.359375000000000000e-01, 0.000000000000000000e+00
1.273437500000000000e+00, 0.000000000000000000e+00
-1.539062500000000000e+00, 0.000000000000000000e+00
3.203125000000000000e-01, 0.000000000000000000e+00
1.943359375000000000e+00, 0.000000000000000000e+00
-1.179687500000000000e+00, 0.000000000000000000e+00
1.414062500000000000e+00, 0.000000000000000000e+00
-1.962890625000000000e+00, 0.000000000000000000e+00
-1.015625000000000000e-01, 0.000000000000000000e+00
1.585937500000000000e+00, 0.000000000000000000e+00
-1.746093750000000000e+00, 0.000000000000000000e+00
1.997558593750000000e+00, 0.000000000000000000e+00
-5.390625000000000000e-01, 0.000000000000000000e+00
1.164062500000000000e+00, 0.000000000000000000e+00
-1.997558593750000000e+00, 0.000000000000000000e+00
7.109375000000000000e-01, 0.000000000000000000e+00
-1.460937500000000000e+00, 0.000000000000000000e+00
1.746093750000000000e+00, 0.000000000000000000e+00
-1.023437500000000000e+00, 0.000000000000000000e+00
1.015625000000000000e-01, 0.000000000000000000e+00
-1.863281250000000000e+00, 0.000000000000000000e+00
1.894531250000000000e+00, 0.000000000000000000e+00
9.921875000000000000e-01, 0.000000000000000000e+00
-6.640625000000000000e-01, 0.000000000000000000e+00
-1.570312500000000000e+00, 0.000000000000000000e+00
1.970703125000000000e+00, 0.000000000000000000e+00
3.828125000000000000e-01, 0.000000000000000000e+00
-1.943359375000000000e+00, 0.000000000000000000e+00
1.523437500000000000e+00, 0.000000000000000000e+00
-1.273437500000000000e+00, 0.000000000000000000e+00
-2.734375000000000000e-01, 0.000000000000000000e+00
1.855468750000000000e+00, 0.000000000000000000e+00
-1.714843750000000000e+00, 0.000000000000000000e+00
6.015625000000000000e-01, 0.000000000000000000e+00
-8.359375000000000000e-01, 0.000000000000000000e+00
1.320312500000000000e+00, 0.000000000000000000e+00
-1.985351562500000000e+00, 0.000000000000000000e+00
1.707031250000000000e+00, 0.000000000000000000e+00
-4.140625000000000000e-01, 0.000000000000000000e+00
1.054687500000000000e+00, 0.000000000000000000e+00
-1.382812500000000000e+00, 0.000000000000000000e+00
1.991210937500000000e+00, 0.000000000000000000e+00
-1.800781250000000000e+00, 0.000000000000000000e+00
2.578125000000000000e-01, 0.000000000000000000e+00
8.046875000000000000e-01, 0.000000000000000000e+00
-9.609375000000000000e-01, 0.000000000000000000e+00
1.958984375000000000e+00, 0.000000000000000000e+00
-1.970703125000000000e+00, 0.000000000000000000e+00
-3.906250000000000000e-02, 0.000000000000000000e+00
1.492187500000000000e+00, 0.000000000000000000e+00
-1.226562500000000000e+00, 0.000000000000000000e+00
1.792968750000000000e+00, 0.000000000000000000e+00
-1.878906250000000000e+00, 0.000000000000000000e+00
4.921875000000000000e-01, 0.000000000000000000e+00
-7.421875000000000000e-01, 0.000000000000000000e+00
1.210937500000000000e+00, 0.000000000000000000e+00
-1.675781250000000000e+00, 0.000000000000000000e+00
1.931640625000000000e+00, 0.000000000000000000e+00
-1.999267578125000000e+00, 0.000000000000000000e+00
-1.484375000000000000e-01, 0.000000000000000000e+00
9.296875000000000000e-01, 0.000000000000000000e+00
-1.492187500000000000e+00, 0.000000000000000000e+00
1.667968750000000000e+00, 0.000000000000000000e+00
1.484375000000000000e-01, 0.000000000000000000e+00
1.999267578125000000e+00, 0.000000000000000000e+00
-1.117187500000000000e+00, 0.000000000000000000e+00
-1.931640625000000000e+00, 0.000000000000000000e+00
1.445312500000000000e+00, 0.000000000000000000e+00
-3.828125000000000000e-01, 0.000000000000000000e+00
-1.769531250000000000e+00, 0.000000000000000000e+00
1.871093750000000000e+00, 0.000000000000000000e+00
6.796875000000000000e-01, 0.000000000000000000e+00
-8.984375000000000000e-01, 0.000000000000000000e+00
1.117187500000000000e+00, 0.000000000000000000e+00
-1.429687500000000000e+00, 0.000000000000000000e+00
1.983398437500000000e+00, 0.000000000000000000e+00
-1.991210937500000000e+00, 0.000000000000000000e+00
-5.703125000000000000e-01, 0.000000000000000000e+00
5.468750000000000000e-02, 0.000000000000000000e+00
1.730468750000000000e+00, 0.000000000000000000e+00
-1.839843750000000000e+00, 0.000000000000000000e+00
8.671875000000000000e-01, 0.000000000000000000e+00
-1.320312500000000000e+00, 0.000000000000000000e+00
1.351562500000000000e+00, 0.000000000000000000e+00
3.515625000000000000e-01, 0.000000000000000000e+00
-1.636718750000000000e+00, 0.000000000000000000e+00
1.832031250000000000e+00, 0.000000000000000000e+00
-2.421875000000000000e-01, 0.000000000000000000e+00
-1.951171875000000000e+00, 0.000000000000000000e+00
1.621093750000000000e+00, 0.000000000000000000e+00
-1.070312500000000000e+00, 0.000000000000000000e+00
1.962890625000000000e+00, 0.000000000000000000e+00
-6.328125000000000000e-01, 0.000000000000000000e+00
5.234375000000000000e-01, 0.000000000000000000e+00
-1.730468750000000000e+00, 0.000000000000000000e+00
1.257812500000000000e+00, 0.000000000000000000e+00
-1.916015625000000000e+00, 0.000000000000000000e+00
1.919921875000000000e+00, 0.000000000000000000e+00
-4.453125000000000000e-01, 0.000000000000000000e+00
2.265625000000000000e-01, 0.000000000000000000e+00
-1.195312500000000000e+00, 0.000000000000000000e+00
1.761718750000000000e+00, 0.000000000000000000e+00
-1.996582031250000000e+00, 0.000000000000000000e+00
1.070312500000000000e+00, 0.000000000000000000e+00
1.996582031250000000e+00, 0.000000000000000000e+00
-1.589843750000000000e+00, 0.000000000000000000e+00
-8.046875000000000000e-01, 0.000000000000000000e+00
7.734375000000000000e-01, 0.000000000000000000e+00
1.398437500000000000e+00, 0.000000000000000000e+00
-1.855468750000000000e+00, 0.000000000000000000e+00
-7.031250000000000000e-02, 0.000000000000000000e+00
1.582031250000000000e+00, 0.000000000000000000e+00
-1.367187500000000000e+00, 0.000000000000000000e+00
4.140625000000000000e-01, 0.000000000000000000e+00
-1.981445312500000000e+00, 0.000000000000000000e+00
1.947265625000000000e+00, 0.000000000000000000e+00
-3.046875000000000000e-01, 0.000000000000000000e+00
-9.765625000000000000e-01, 0.000000000000000000e+00
1.847656250000000000e+00, 0.000000000000000000e+00
-1.691406250000000000e+00, 0.000000000000000000e+00
1.179687500000000000e+00, 0.000000000000000000e+00
6.171875000000000000e-01, 0.000000000000000000e+00
-1.808593750000000000e+00, 0.000000000000000000e+00
1.691406250000000000e+00, 0.000000000000000000e+00
-5.078125000000000000e-01, 0.000000000000000000e+00
1.999938964843750000e+00, 0.000000000000000000e+00
-1.289062500000000000e+00, 0.000000000000000000e+00
-1.999938964843750000e+00, 0.000000000000000000e+00
9.453125000000000000e-01, 0.000000000000000000e+00
8.593750000000000000e-02, 0.000000000000000000e+00
-7.578125000000000000e-01, 0.000000000000000000e+00
1.535156250000000000e+00, 0.000000000000000000e+00
-1.542968750000000000e+00, 0.000000000000000000e+00
1.987304687500000000e+00, 0.000000000000000000e+00
-1.923828125000000000e+00, 0.000000000000000000e+00
2.890625000000000000e-01, 0.000000000000000000e+00
1.304687500000000000e+00, 0.000000000000000000e+00
-1.132812500000000000e+00, 0.000000000000000000e+00
1.904296875000000000e+00, 0.000000000000000000e+00
-1.958984375000000000e+00, 0.000000000000000000e+00
-1.640625000000000000e-01, 0.000000000000000000e+00
7.265625000000000000e-01, 0.000000000000000000e+00
-1.761718750000000000e+00, 0.000000000000000000e+00
1.800781250000000000e+00, 0.000000000000000000e+00
-6.796875000000000000e-01, 0.000000000000000000e+00
1.007812500000000000e+00, 0.000000000000000000e+00
-1.496093750000000000e+00, 0.000000000000000000e+00
1.644531250000000000e+00, 0.000000000000000000e+00
-9.140625000000000000e-01, 0.000000000000000000e+00
4.765625000000000000e-01, 0.000000000000000000e+00
-1.896484375000000000e+00, 0.000000000000000000e+00
1.977539062500000000e+00, 0.000000000000000000e+00
-7.812500000000000000e-03, 0.000000000000000000e+00
-1.613281250000000000e+00, 0.000000000000000000e+00
1.480468750000000000e+00, 0.000000000000000000e+00
-1.242187500000000000e+00, 0.000000000000000000e+00
1.226562500000000000e+00, 0.000000000000000000e+00
-1.987304687500000000e+00, 0.000000000000000000e+00
1.935546875000000000e+00, 0.000000000000000000e+00
-3.671875000000000000e-01, 0.000000000000000000e+00
8.515625000000000000e-01, 0.000000000000000000e+00
-1.039062500000000000e+00, 0.000000000000000000e+00
1.769531250000000000e+00, 0.000000000000000000e+00
-1.824218750000000000e+00, 0.000000000000000000e+00
1.640625000000000000e-01, 0.000000000000000000e+00
5.703125000000000000e-01, 0.000000000000000000e+00
-1.660156250000000000e+00, 0.000000000000000000e+00
1.994628906250000000e+00, 0.000000000000000000e+00
-5.859375000000000000e-01, 0.000000000000000000e+00
-1.975585937500000000e+00, 0.000000000000000000e+00
1.148437500000000000e+00, 0.000000000000000000e+00
1.605468750000000000e+00, 0.000000000000000000e+00
-1.433593750000000000e+00, 0.000000000000000000e+00
-2.265625000000000000e-01, 0.000000000000000000e+00
1.888671875000000000e+00, 0.000000000000000000e+00
-1.939453125000000000e+00, 0.000000000000000000e+00
-8.515625000000000000e-01, 0.000000000000000000e+00
1.425781250000000000e+00, 0.000000000000000000e+00
9.140625000000000000e-01, 0.000000000000000000e+00
-1.164062500000000000e+00, 0.000000000000000000e+00
1.816406250000000000e+00, 0.000000000000000000e+00
-1.994628906250000000e+00, 0.000000000000000000e+00
3.359375000000000000e-01, 0.000000000000000000e+00
-1.171875000000000000e-01, 0.000000000000000000e+00
1.951171875000000000e+00, 0.000000000000000000e+00
-1.777343750000000000e+00, 0.000000000000000000e+00
1.101562500000000000e+00, 0.000000000000000000e+00
-1.566406250000000000e+00, 0.000000000000000000e+00
1.722656250000000000e+00, 0.000000000000000000e+00
-4.921875000000000000e-01, 0.000000000000000000e+00
6.640625000000000000e-01, 0.000000000000000000e+00
-1.880859375000000000e+00, 0.000000000000000000e+00
1.981445312500000000e+00, 0.000000000000000000e+00
-1.085937500000000000e+00, 0.000000000000000000e+00
3.906250000000000000e-02, 0.000000000000000000e+00
1.558593750000000000e+00, 0.000000000000000000e+00
-1.707031250000000000e+00, 0.000000000000000000e+00
-7.265625000000000000e-01, 0.000000000000000000e+00
1.371093750000000000e+00, 0.000000000000000000e+00
-1.998779296875000000e+00, 0.000000000000000000e+00
1.912109375000000000e+00, 0.000000000000000000e+00
-1.378906250000000000e+00, 0.000000000000000000e+00
4.296875000000000000e-01, 0.000000000000000000e+00
7.890625000000000000e-01, 0.000000000000000000e+00
1.998779296875000000e+00, 0.000000000000000000e+00
-1.908203125000000000e+00, 0.000000000000000000e+00
-3.203125000000000000e-01, 0.000000000000000000e+00
-9.453125000000000000e-01, 0.000000000000000000e+00
1.675781250000000000e+00, 0.000000000000000000e+00
-1.472656250000000000e+00, 0.000000000000000000e+00
1.039062500000000000e+00, 0.000000000000000000e+00
1.328125000000000000e-01, 0.000000000000000000e+00
-1.947265625000000000e+00, 0.000000000000000000e+00
1.869140625000000000e+00, 0.000000000000000000e+00
-6.484375000000000000e-01, 0.000000000000000000e+00
1.503906250000000000e+00, 0.000000000000000000e+00
-1.792968750000000000e+00, 0.000000000000000000e+00
2.421875000000000000e-01, 0.000000000000000000e+00
-1.316406250000000000e+00, 0.000000000000000000e+00
1.971679687500000000e+00, 0.000000000000000000e+00
9.765625000000000000e-01, 0.000000000000000000e+00
-1.644531250000000000e+00, 0.000000000000000000e+00
-4.296875000000000000e-01, 0.000000000000000000e+00
1.785156250000000000e+00, 0.000000000000000000e+00
-1.971679687500000000e+00, 0.000000000000000000e+00
5.390625000000000000e-01, 0.000000000000000000e+00
1.308593750000000000e+00, 0.000000000000000000e+00
-1.007812500000000000e+00, 0.000000000000000000e+00
-5.468750000000000000e-02, 0.000000000000000000e+00
-1.861328125000000000e+00, 0.000000000000000000e+00
1.992675781250000000e+00, 0.000000000000000000e+00
-1.519531250000000000e+00, 0.000000000000000000e+00
1.457031250000000000e+00, 0.000000000000000000e+00
-8.203125000000000000e-01, 0.000000000000000000e+00
7.421875000000000000e-01, 0.000000000000000000e+00
-1.992675781250000000e+00, 0.000000000000000000e+00
1.738281250000000000e+00, 0.000000000000000000e+00
-2.109375000000000000e-01, 0.000000000000000000e+00
1.927734375000000000e+00, 0.000000000000000000e+00
-1.738281250000000000e+00, 0.000000000000000000e+00
8.828125000000000000e-01, 0.000000000000000000e+00
-1.253906250000000000e+00, 0.000000000000000000e+00
1.636718750000000000e+00, 0.000000000000000000e+00
-5.546875000000000000e-01, 0.000000000000000000e+00
3.671875000000000000e-01, 0.000000000000000000e+00
-1.935546875000000000e+00, 0.000000000000000000e+00
1.246093750000000000e+00, 0.000000000000000000e+00
1.853515625000000000e+00, 0.000000000000000000e+00
-1.410156250000000000e+00, 0.000000000000000000e+00
-8.828125000000000000e-01, 0.000000000000000000e+00
1.985351562500000000e+00, 0.000000000000000000e+00
-1.983398437500000000e+00, 0.000000000000000000e+00
6.328125000000000000e-01, 0.000000000000000000e+00
1.796875000000000000e-01, 0.000000000000000000e+00
-1.605468750000000000e+00, 0.000000000000000000e+00
1.394531250000000000e+00, 0.000000000000000000e+00
-2.890625000000000000e-01, 0.000000000000000000e+00
1.896484375000000000e+00, 0.000000000000000000e+00
-1.845703125000000000e+00, 0.000000000000000000e+00
-1.183593750000000000e+00, 0.000000000000000000e+00
1.175781250000000000e+00, 0.000000000000000000e+00
1.999633789062500000e+00, 0.000000000000000000e+00
-1.999633789062500000e+00, 0.000000000000000000e+00
-6.953125000000000000e-01, 0.000000000000000000e+00
8.203125000000000000e-01, 0.000000000000000000e+00
1.699218750000000000e+00, 0.000000000000000000e+00
-1.683593750000000000e+00, 0.000000000000000000e+00
2.343750000000000000e-02, 0.000000000000000000e+00
1.519531250000000000e+00, 0.000000000000000000e+00
-1.347656250000000000e+00, 0.000000000000000000e+00
4.609375000000000000e-01, 0.000000000000000000e+00
-1.888671875000000000e+00, 0.000000000000000000e+00
1.963867187500000000e+00, 0.000000000000000000e+00
-4.609375000000000000e-01, 0.000000000000000000e+00
-7.734375000000000000e-01, 0.000000000000000000e+00
1.339843750000000000e+00, 0.000000000000000000e+00
-1.965820312500000000e+00, 0.000000000000000000e+00
1.753906250000000000e+00, 0.000000000000000000e+00
2.734375000000000000e-01, 0.000000000000000000e+00
-1.753906250000000000e+00, 0.000000000000000000e+00
-1.113281250000000000e+00, 0.000000000000000000e+00
1.939453125000000000e+00, 0.000000000000000000e+00
-1.328125000000000000e-01, 0.000000000000000000e+00
1.097656250000000000e+00, 0.000000000000000000e+00
-1.558593750000000000e+00, 0.000000000000000000e+00
1.589843750000000000e+00, 0.000000000000000000e+00
6.953125000000000000e-01, 0.000000000000000000e+00
-1.995605468750000000e+00, 0.000000000000000000e+00
-3.984375000000000000e-01, 0.000000000000000000e+00
1.833984375000000000e+00, 0.000000000000000000e+00
-1.457031250000000000e+00, 0.000000000000000000e+00
1.995605468750000000e+00, 0.000000000000000000e+00
-1.919921875000000000e+00, 0.000000000000000000e+00
5.859375000000000000e-01, 0.000000000000000000e+00
-1.035156250000000000e+00, 0.000000000000000000e+00
1.277343750000000000e+00, 0.000000000000000000e+00
-6.171875000000000000e-01, 0.000000000000000000e+00
-1.826171875000000000e+00, 0.000000000000000000e+00
1.880859375000000000e+00, 0.000000000000000000e+00
7.031250000000000000e-02, 0.000000000000000000e+00
-1.285156250000000000e+00, 0.000000000000000000e+00
1.660156250000000000e+00, 0.000000000000000000e+00
1.011718750000000000e+00, 0.000000000000000000e+00
-1.722656250000000000e+00, 0.000000000000000000e+00
3.984375000000000000e-01, 0.000000000000000000e+00
-1.979492187500000000e+00, 0.000000000000000000e+00
1.975585937500000000e+00, 0.000000000000000000e+00
-2.578125000000000000e-01, 0.000000000000000000e+00
1.441406250000000000e+00, 0.000000000000000000e+00
-1.214843750000000000e+00, 0.000000000000000000e+00
-1.628906250000000000e+00, 0.000000000000000000e+00
1.207031250000000000e+00, 0.000000000000000000e+00
-8.593750000000000000e-02, 0.000000000000000000e+00
1.916015625000000000e+00, 0.000000000000000000e+00
-1.904296875000000000e+00, 0.000000000000000000e+00
-5.234375000000000000e-01, 0.000000000000000000e+00
5.078125000000000000e-01, 0.000000000000000000e+00
1.566406250000000000e+00, 0.000000000000000000e+00
-9.570312500000000000e-01, 0.000000000000000000e+00
-1.958007812500000000e+00, 0.000000000000000000e+00
1.998291015625000000e+00, 0.000000000000000000e+00
9.257812500000000000e-01, 0.000000000000000000e+00
-1.511718750000000000e+00, 0.000000000000000000e+00
1.810546875000000000e+00, 0.000000000000000000e+00
2.109375000000000000e-01, 0.000000000000000000e+00
-1.998291015625000000e+00, 0.000000000000000000e+00
-8.710937500000000000e-01, 0.000000000000000000e+00
1.714843750000000000e+00, 0.000000000000000000e+00
-1.394531250000000000e+00, 0.000000000000000000e+00
1.136718750000000000e+00, 0.000000000000000000e+00
-1.869140625000000000e+00, 0.000000000000000000e+00
-3.515625000000000000e-01, 0.000000000000000000e+00
1.958007812500000000e+00, 0.000000000000000000e+00
3.046875000000000000e-01, 0.000000000000000000e+00
-1.144531250000000000e+00, 0.000000000000000000e+00
1.410156250000000000e+00, 0.000000000000000000e+00
-1.699218750000000000e+00, 0.000000000000000000e+00
8.320312500000000000e-01, 0.000000000000000000e+00
-2.343750000000000000e-02, 0.000000000000000000e+00
1.861328125000000000e+00, 0.000000000000000000e+00
-1.806640625000000000e+00, 0.000000000000000000e+00
-7.773437500000000000e-01, 0.000000000000000000e+00
1.990722656250000000e+00, 0.000000000000000000e+00
-1.990722656250000000e+00, 0.000000000000000000e+00
1.050781250000000000e+00, 0.000000000000000000e+00
-1.582031250000000000e+00, 0.000000000000000000e+00
1.613281250000000000e+00, 0.000000000000000000e+00
-1.796875000000000000e-01, 0.000000000000000000e+00
-1.074218750000000000e+00, 0.000000000000000000e+00
7.304687500000000000e-01, 0.000000000000000000e+00
-1.927734375000000000e+00, 0.000000000000000000e+00
1.923828125000000000e+00, 0.000000000000000000e+00
1.171875000000000000e-01, 0.000000000000000000e+00
1.496093750000000000e+00, 0.000000000000000000e+00
-1.332031250000000000e+00, 0.000000000000000000e+00
1.787109375000000000e+00, 0.000000000000000000e+00
-1.667968750000000000e+00, 0.000000000000000000e+00
-6.601562500000000000e-01, 0.000000000000000000e+00
1.324218750000000000e+00, 0.000000000000000000e+00
-1.999969482421875000e+00, 0.000000000000000000e+00
1.999969482421875000e+00, 0.000000000000000000e+00
6.132812500000000000e-01, 0.000000000000000000e+00
-9.960937500000000000e-01, 0.000000000000000000e+00
9.648437500000000000e-01, 0.000000000000000000e+00
-1.837890625000000000e+00, 0.000000000000000000e+00
1.683593750000000000e+00, 0.000000000000000000e+00
-1.480468750000000000e+00, 0.000000000000000000e+00
-5.117187500000000000e-01, 0.000000000000000000e+00
1.967773437500000000e+00, 0.000000000000000000e+00
-1.969726562500000000e+00, 0.000000000000000000e+00
4.648437500000000000e-01, 0.000000000000000000e+00
1.230468750000000000e+00, 0.000000000000000000e+00
-1.238281250000000000e+00, 0.000000000000000000e+00
1.841796875000000000e+00, 0.000000000000000000e+00
-8.242187500000000000e-01, 0.000000000000000000e+00
-1.783203125000000000e+00, 0.000000000000000000e+00
1.542968750000000000e+00, 0.000000000000000000e+00
-2.695312500000000000e-01, 0.000000000000000000e+00
8.789062500000000000e-01, 0.000000000000000000e+00
-1.950195312500000000e+00, 0.000000000000000000e+00
1.979492187500000000e+00, 0.000000000000000000e+00
2.382812500000000000e-01, 0.000000000000000000e+00
-1.535156250000000000e+00, 0.000000000000000000e+00
1.355468750000000000e+00, 0.000000000000000000e+00
-5.976562500000000000e-01, 0.000000000000000000e+00
-1.876953125000000000e+00, 0.000000000000000000e+00
1.900390625000000000e+00, 0.000000000000000000e+00
6.757812500000000000e-01, 0.000000000000000000e+00
-1.363281250000000000e+00, 0.000000000000000000e+00
-2.734375000000000000e-02, 0.000000000000000000e+00
1.652343750000000000e+00, 0.000000000000000000e+00
-9.179687500000000000e-01, 0.000000000000000000e+00
-1.977539062500000000e+00, 0.000000000000000000e+00
1.074218750000000000e+00, 0.000000000000000000e+00
1.950195312500000000e+00, 0.000000000000000000e+00
-1.652343750000000000e+00, 0.000000000000000000e+00
3.632812500000000000e-01, 0.000000000000000000e+00
-4.023437500000000000e-01, 0.000000000000000000e+00
1.767578125000000000e+00, 0.000000000000000000e+00
-1.167968750000000000e+00, 0.000000000000000000e+00
-1.912109375000000000e+00, 0.000000000000000000e+00
1.464843750000000000e+00, 0.000000000000000000e+00
7.851562500000000000e-01, 0.000000000000000000e+00
-1.441406250000000000e+00, 0.000000000000000000e+00
1.993652343750000000e+00, 0.000000000000000000e+00
-1.445312500000000000e-01, 0.000000000000000000e+00
-1.993652343750000000e+00, 0.000000000000000000e+00
1.160156250000000000e+00, 0.000000000000000000e+00
-7.226562500000000000e-01, 0.000000000000000000e+00
1.822265625000000000e+00, 0.000000000000000000e+00
-1.759765625000000000e+00, 0.000000000000000000e+00
1.210937500000000000e-01, 0.000000000000000000e+00
5.429687500000000000e-01, 0.000000000000000000e+00
-1.300781250000000000e+00, 0.000000000000000000e+00
1.876953125000000000e+00, 0.000000000000000000e+00
-1.853515625000000000e+00, 0.000000000000000000e+00
1.292968750000000000e+00, 0.000000000000000000e+00
-1.058593750000000000e+00, 0.000000000000000000e+00
1.597656250000000000e+00, 0.000000000000000000e+00
-3.398437500000000000e-01, 0.000000000000000000e+00
-1.997314453125000000e+00, 0.000000000000000000e+00
1.987792968750000000e+00, 0.000000000000000000e+00
-1.597656250000000000e+00, 0.000000000000000000e+00
9.882812500000000000e-01, 0.000000000000000000e+00
3.007812500000000000e-01, 0.000000000000000000e+00
-5.585937500000000000e-01, 0.000000000000000000e+00
1.740234375000000000e+00, 0.000000000000000000e+00
-1.961914062500000000e+00, 0.000000000000000000e+00
4.296875000000000000e-02, 0.000000000000000000e+00
1.942382812500000000e+00, 0.000000000000000000e+00
-1.794921875000000000e+00, 0.000000000000000000e+00
-8.945312500000000000e-01, 0.000000000000000000e+00
1.386718750000000000e+00, 0.000000000000000000e+00
7.617187500000000000e-01, 0.000000000000000000e+00
-1.417968750000000000e+00, 0.000000000000000000e+00
1.997314453125000000e+00, 0.000000000000000000e+00
-1.892578125000000000e+00, 0.000000000000000000e+00
-2.070312500000000000e-01, 0.000000000000000000e+00
1.121093750000000000e+00, 0.000000000000000000e+00
-1.097656250000000000e+00, 0.000000000000000000e+00
1.628906250000000000e+00, 0.000000000000000000e+00
-1.621093750000000000e+00, 0.000000000000000000e+00
4.179687500000000000e-01, 0.000000000000000000e+00
1.908203125000000000e+00, 0.000000000000000000e+00
-1.987792968750000000e+00, 0.000000000000000000e+00
-6.914062500000000000e-01, 0.000000000000000000e+00
9.023437500000000000e-01, 0.000000000000000000e+00
-1.269531250000000000e+00, 0.000000000000000000e+00
1.527343750000000000e+00, 0.000000000000000000e+00
-4.570312500000000000e-01, 0.000000000000000000e+00
1.798828125000000000e+00, 0.000000000000000000e+00
-1.736328125000000000e+00, 0.000000000000000000e+00
5.820312500000000000e-01, 0.000000000000000000e+00
-1.942382812500000000e+00, 0.000000000000000000e+00
1.973632812500000000e+00, 0.000000000000000000e+00
1.757812500000000000e-01, 0.000000000000000000e+00
-9.804687500000000000e-01, 0.000000000000000000e+00
1.261718750000000000e+00, 0.000000000000000000e+00
-1.550781250000000000e+00, 0.000000000000000000e+00
-8.203125000000000000e-02, 0.000000000000000000e+00
1.849609375000000000e+00, 0.000000000000000000e+00
-1.818359375000000000e+00, 0.000000000000000000e+00
1.035156250000000000e+00, 0.000000000000000000e+00
-8.007812500000000000e-01, 0.000000000000000000e+00
1.999389648437500000e+00, 0.000000000000000000e+00
-1.999389648437500000e+00, 0.000000000000000000e+00
5.039062500000000000e-01, 0.000000000000000000e+00
-1.199218750000000000e+00, 0.000000000000000000e+00
1.488281250000000000e+00, 0.000000000000000000e+00
-3.085937500000000000e-01, 0.000000000000000000e+00
1.716796875000000000e+00, 0.000000000000000000e+00
-1.900390625000000000e+00, 0.000000000000000000e+00
6.992187500000000000e-01, 0.000000000000000000e+00
-1.503906250000000000e+00, 0.000000000000000000e+00
1.954101562500000000e+00, 0.000000000000000000e+00
-6.289062500000000000e-01, 0.000000000000000000e+00
1.191406250000000000e+00, 0.000000000000000000e+00
-1.973632812500000000e+00, 0.000000000000000000e+00
8.203125000000000000e-02, 0.000000000000000000e+00
-1.708984375000000000e+00, 0.000000000000000000e+00
1.892578125000000000e+00, 0.000000000000000000e+00
1.574218750000000000e+00, 0.000000000000000000e+00
-1.128906250000000000e+00, 0.000000000000000000e+00
8.554687500000000000e-01, 0.000000000000000000e+00
-1.386718750000000000e+00, 0.000000000000000000e+00
3.320312500000000000e-01, 0.000000000000000000e+00
-1.934570312500000000e+00, 0.000000000000000000e+00
1.984863281250000000e+00, 0.000000000000000000e+00
-4.804687500000000000e-01, 0.000000000000000000e+00
1.433593750000000000e+00, 0.000000000000000000e+00
-1.771484375000000000e+00, 0.000000000000000000e+00
1.755859375000000000e+00, 0.000000000000000000e+00
-8.476562500000000000e-01, 0.000000000000000000e+00
-1.132812500000000000e-01, 0.000000000000000000e+00
-1.985839843750000000e+00, 0.000000000000000000e+00
6.445312500000000000e-01, 0.000000000000000000e+00
1.932617187500000000e+00, 0.000000000000000000e+00
-1.574218750000000000e+00, 0.000000000000000000e+00
1.347656250000000000e+00, 0.000000000000000000e+00
-1.019531250000000000e+00, 0.000000000000000000e+00
9.492187500000000000e-01, 0.000000000000000000e+00
-1.865234375000000000e+00, 0.000000000000000000e+00
2.070312500000000000e-01, 0.000000000000000000e+00
1.689453125000000000e+00, 0.000000000000000000e+00
-7.460937500000000000e-01, 0.000000000000000000e+00
1.996337890625000000e+00, 0.000000000000000000e+00
-1.464843750000000000e+00, 0.000000000000000000e+00
-2.382812500000000000e-01, 0.000000000000000000e+00
-1.954101562500000000e+00, 0.000000000000000000e+00
1.826171875000000000e+00, 0.000000000000000000e+00
1.222656250000000000e+00, 0.000000000000000000e+00
-1.230468750000000000e+00, 0.000000000000000000e+00
4.414062500000000000e-01, 0.000000000000000000e+00
-1.685546875000000000e+00, 0.000000000000000000e+00
1.961914062500000000e+00, 0.000000000000000000e+00
3.906250000000000000e-03, 0.000000000000000000e+00
-1.996337890625000000e+00, 0.000000000000000000e+00
1.550781250000000000e+00, 0.000000000000000000e+00
8.085937500000000000e-01, 0.000000000000000000e+00
-3.789062500000000000e-01, 0.000000000000000000e+00
-1.833984375000000000e+00, 0.000000000000000000e+00
1.873046875000000000e+00, 0.000000000000000000e+00
-9.414062500000000000e-01, 0.000000000000000000e+00
1.089843750000000000e+00, 0.000000000000000000e+00
-1.339843750000000000e+00, 0.000000000000000000e+00
1.779296875000000000e+00, 0.000000000000000000e+00
-5.351562500000000000e-01, 0.000000000000000000e+00
-1.748046875000000000e+00, 0.000000000000000000e+00
2.695312500000000000e-01, 0.000000000000000000e+00
1.402343750000000000e+00, 0.000000000000000000e+00
-1.989746093750000000e+00, 0.000000000000000000e+00
1.989746093750000000e+00, 0.000000000000000000e+00
5.585937500000000000e-01, 0.000000000000000000e+00
-1.527343750000000000e+00, 0.000000000000000000e+00
-1.757812500000000000e-01, 0.000000000000000000e+00
1.662109375000000000e+00, 0.000000000000000000e+00
-1.884765625000000000e+00, 0.000000000000000000e+00
1.152343750000000000e+00, 0.000000000000000000e+00
-1.160156250000000000e+00, 0.000000000000000000e+00
1.969726562500000000e+00, 0.000000000000000000e+00
-6.757812500000000000e-01, 0.000000000000000000e+00
-1.967773437500000000e+00, 0.000000000000000000e+00
7.460937500000000000e-01, 0.000000000000000000e+00
1.511718750000000000e+00, 0.000000000000000000e+00
-1.654296875000000000e+00, 0.000000000000000000e+00
1.445312500000000000e-01, 0.000000000000000000e+00
1.884765625000000000e+00, 0.000000000000000000e+00
-1.292968750000000000e+00, 0.000000000000000000e+00
-4.257812500000000000e-01, 0.000000000000000000e+00
1.300781250000000000e+00, 0.000000000000000000e+00
-1.999816894531250000e+00, 0.000000000000000000e+00
1.999816894531250000e+00, 0.000000000000000000e+00
3.867187500000000000e-01, 0.000000000000000000e+00
-1.810546875000000000e+00, 0.000000000000000000e+00
1.003906250000000000e+00, 0.000000000000000000e+00
-9.023437500000000000e-01, 0.000000000000000000e+00
1.728515625000000000e+00, 0.000000000000000000e+00
-1.425781250000000000e+00, 0.000000000000000000e+00
-5.078125000000000000e-02, 0.000000000000000000e+00
1.924804687500000000e+00, 0.000000000000000000e+00
-1.924804687500000000e+00, 0.000000000000000000e+00
-7.617187500000000000e-01, 0.000000000000000000e+00
1.449218750000000000e+00, 0.000000000000000000e+00
6.289062500000000000e-01, 0.000000000000000000e+00
-1.720703125000000000e+00, 0.000000000000000000e+00
1.806640625000000000e+00, 0.000000000000000000e+00
